11.0077 -6.99509 4.65184 -0.386042 -0.112867 0.878762 -0.256923
11.0623 -6.96928 4.63535 -0.200113 -0.0466859 0.953067 -0.222348
11.1064 -6.94901 4.596 0 0 0.975141 -0.221587
11.1315 -6.93511 4.54043 0.200113 0.0466859 0.953067 -0.222348
11.1268 -6.91891 4.47804 0.386042 0.112867 0.878762 -0.256923
11.0743 -6.8946 4.41935 0.516478 0.267745 0.722102 -0.374342
11.0397 -6.8548 4.47804 -0.319707 -0.244038 -0.727761 0.555514
11.0627 -6.86742 4.54043 -0.173596 -0.109951 -0.826776 0.523657
11.0592 -6.8979 4.596 1.60178e-17 -1.60178e-17 0.866398 -0.499355
11.0297 -6.93724 4.63535 0.173596 0.109951 -0.826776 0.523657
11.0024 -6.9912 4.65184 0.319707 0.244038 -0.727761 0.555514
10.9696 -7.04308 4.64269 -0.516478 -0.267745 0.722102 -0.374342
11.0243 -7.04681 4.64269 0.302221 0.497091 -0.422544 0.694996
10.9959 -6.99186 4.65184 0.21067 0.342615 -0.479557 0.779909
10.9842 -6.93239 4.63535 0.127733 0.160963 -0.608347 0.766609
10.9913 -6.88232 4.596 -2.60437e-17 -4.97198e-17 -0.680563 0.73269
10.9667 -6.85719 4.54043 -0.127733 -0.160963 -0.608347 0.766609
10.9321 -6.86568 4.47804 -0.21067 -0.342615 -0.479557 0.779909
10.9406 -6.88549 4.41935 -0.302221 -0.497091 -0.422544 0.694996
10.8595 -6.94591 4.47804 -0.0734955 -0.395431 -0.167301 0.900135
10.8851 -6.90884 4.54043 -0.0676352 -0.194037 -0.322122 0.924128
10.9265 -6.9077 4.596 -1.54056e-17 -9.24333e-17 -0.434171 0.90083
10.9456 -6.95685 4.63535 0.0676352 0.194037 -0.322122 0.924128
10.9915 -6.99672 4.65184 0.0734955 0.395431 -0.167301 0.900135
10.9306 -7 4.63535 -1.41804e-17 0.205487 -1.13443e-16 0.97866
10.8872 -6.96519 4.596 -2.80695e-17 -2.80695e-17 -0.149147 0.988815
10.8534 -7 4.54043 2.83608e-17 -0.205487 -9.92628e-17 0.97866
10.8872 -7.03481 4.596 -1.40348e-17 -1.40348e-17 0.149147 0.988815
11.0527 -7 4.64269 0 0.581753 0 0.813365
10.9915 -7.00328 4.65184 -0.0734955 0.395431 0.167301 0.900135
10.9456 -7.04315 4.63535 -0.0676352 0.194037 0.322122 0.924128
10.9265 -7.0923 4.596 -3.08111e-17 -3.08111e-17 0.434171 0.90083
10.8851 -7.09116 4.54043 0.0676352 -0.194037 0.322122 0.924128
10.8595 -7.05409 4.47804 0.0734955 -0.395431 0.167301 0.900135
10.871 -7 4.41935 0 -0.581753 0 0.813365
10.9406 -7.11451 4.41935 0.302221 -0.497091 0.422544 0.694996
10.9321 -7.13432 4.47804 0.21067 -0.342615 0.479557 0.779909
10.9667 -7.14281 4.54043 0.127733 -0.160963 0.608347 0.766609
10.9913 -7.11768 4.596 0 0 0.680563 0.73269
10.9842 -7.06761 4.63535 -0.127733 0.160963 0.608347 0.766609
10.9959 -7.00814 4.65184 -0.21067 0.342615 0.479557 0.779909
11.0243 -6.95319 4.64269 -0.302221 0.497091 0.422544 0.694996
10.9696 -6.95692 4.64269 -0.516478 0.267745 0.722102 0.374342
11.0024 -7.0088 4.65184 -0.319707 0.244038 0.727761 0.555514
11.0297 -7.06276 4.63535 -0.173596 0.109951 0.826776 0.523657
11.0592 -7.1021 4.596 0 0 0.866398 0.499355
11.0627 -7.13258 4.54043 0.173596 -0.109951 0.826776 0.523657
11.0397 -7.1452 4.47804 0.319707 -0.244038 0.727761 0.555514
11.0743 -7.1054 4.41935 0.516478 -0.267745 0.722102 0.374342
11.1268 -7.08109 4.47804 0.386042 -0.112867 0.878762 0.256923
11.1315 -7.06489 4.54043 0.200113 -0.0466859 0.953067 0.222348
11.1064 -7.05099 4.596 0 0 0.975141 0.221587
11.0623 -7.03072 4.63535 -0.200113 0.0466859 0.953067 0.222348
11.0077 -7.00491 4.65184 -0.386042 0.112867 0.878762 0.256923
