# Scicam stations
#10.84 -9.20 4.28 0.00 0.00 0.00
#10.84 -8.70 4.28 0.00 0.00 0.00
#10.84 -8.70 4.78 0.00 0.00 0.00
#10.84 -9.20 4.78 0.00 0.00 0.00
#10.84 -9.20 5.28 0.00 0.00 0.00
#10.84 -8.70 5.28 0.00 0.00 0.00
# Soundsee stations
11.48 -9.30 4.08 0.00 0.00 0.00
11.48 -9.15 4.08 0.00 0.00 0.00
11.48 -9.00 4.08 0.00 0.00 0.00
11.48 -8.85 4.08 0.00 0.00 0.00
11.48 -8.70 4.08 0.00 0.00 0.00

11.48 -8.70 4.22 0.00 0.00 0.00
11.48 -8.85 4.22 0.00 0.00 0.00
11.48 -9.00 4.22 0.00 0.00 0.00
11.48 -9.15 4.22 0.00 0.00 0.00
11.48 -9.30 4.22 0.00 0.00 0.00

11.48 -9.30 4.38 0.00 0.00 0.00
11.48 -9.15 4.38 0.00 0.00 0.00
11.48 -9.00 4.38 0.00 0.00 0.00
11.48 -8.85 4.38 0.00 0.00 0.00
11.48 -8.70 4.38 0.00 0.00 0.00

11.48 -8.70 4.52 0.00 0.00 0.00
11.48 -8.85 4.52 0.00 0.00 0.00
11.48 -9.00 4.52 0.00 0.00 0.00
11.48 -9.15 4.52 0.00 0.00 0.00
11.48 -9.30 4.52 0.00 0.00 0.00

11.48 -9.30 4.68 0.00 0.00 0.00
11.48 -9.15 4.68 0.00 0.00 0.00
11.48 -9.00 4.68 0.00 0.00 0.00
11.48 -8.85 4.68 0.00 0.00 0.00
11.48 -8.70 4.68 0.00 0.00 0.00

11.48 -8.70 4.82 0.00 0.00 0.00
11.48 -8.85 4.82 0.00 0.00 0.00
11.48 -9.00 4.82 0.00 0.00 0.00
11.48 -9.15 4.82 0.00 0.00 0.00
11.48 -9.30 4.82 0.00 0.00 0.00

11.48 -9.30 4.98 0.00 0.00 0.00
11.48 -9.15 4.98 0.00 0.00 0.00
11.48 -9.00 4.98 0.00 0.00 0.00
11.48 -8.85 4.98 0.00 0.00 0.00
11.48 -8.70 4.98 0.00 0.00 0.00

11.48 -8.70 5.12 0.00 0.00 0.00
11.48 -8.85 5.12 0.00 0.00 0.00
11.48 -9.00 5.12 0.00 0.00 0.00
11.48 -9.15 5.12 0.00 0.00 0.00
11.48 -9.30 5.12 0.00 0.00 0.00