# Scicam stations
11.019643 -8.20 4.28 0.00 0.00 180.00
11.019643 -7.70 4.28 0.00 0.00 180.00
11.019643 -7.70 4.78 0.00 0.00 180.00
11.019643 -8.20 4.78 0.00 0.00 180.00
11.019643 -8.20 5.28 0.00 0.00 180.00
11.019643 -7.70 5.28 0.00 0.00 180.00
# Soundsee stations
10.38 -8.20 4.08 0.00 0.00 180.00
10.38 -8.05 4.08 0.00 0.00 180.00
10.38 -7.90 4.08 0.00 0.00 180.00
10.38 -7.75 4.08 0.00 0.00 180.00
10.38 -7.60 4.08 0.00 0.00 180.00

10.38 -7.60 4.22 0.00 0.00 180.00
10.38 -7.75 4.22 0.00 0.00 180.00
10.38 -7.90 4.22 0.00 0.00 180.00
10.38 -8.05 4.22 0.00 0.00 180.00
10.38 -8.20 4.22 0.00 0.00 180.00

10.38 -8.20 4.38 0.00 0.00 180.00
10.38 -8.05 4.38 0.00 0.00 180.00
10.38 -7.90 4.38 0.00 0.00 180.00
10.38 -7.75 4.38 0.00 0.00 180.00
10.38 -7.60 4.38 0.00 0.00 180.00

10.38 -7.60 4.52 0.00 0.00 180.00
10.38 -7.75 4.52 0.00 0.00 180.00
10.38 -7.90 4.52 0.00 0.00 180.00
10.38 -8.05 4.52 0.00 0.00 180.00
10.38 -8.20 4.52 0.00 0.00 180.00

10.38 -8.20 4.68 0.00 0.00 180.00
10.38 -8.05 4.68 0.00 0.00 180.00
10.38 -7.90 4.68 0.00 0.00 180.00
10.38 -7.75 4.68 0.00 0.00 180.00
10.38 -7.60 4.68 0.00 0.00 180.00

10.38 -7.60 4.82 0.00 0.00 180.00
10.38 -7.75 4.82 0.00 0.00 180.00
10.38 -7.90 4.82 0.00 0.00 180.00
10.38 -8.05 4.82 0.00 0.00 180.00
10.38 -8.20 4.82 0.00 0.00 180.00

10.38 -8.20 4.98 0.00 0.00 180.00
10.38 -8.05 4.98 0.00 0.00 180.00
10.38 -7.90 4.98 0.00 0.00 180.00
10.38 -7.75 4.98 0.00 0.00 180.00
10.38 -7.60 4.98 0.00 0.00 180.00

10.38 -7.60 5.12 0.00 0.00 180.00
10.38 -7.75 5.12 0.00 0.00 180.00
10.38 -7.90 5.12 0.00 0.00 180.00
10.38 -8.05 5.12 0.00 0.00 180.00
10.38 -8.20 5.12 0.00 0.00 180.00