-0.342315 0.00491362 4.95184 -0.386042 -0.112867 0.878762 -0.256923
-0.287744 0.0307206 4.93535 -0.200113 -0.0466859 0.953067 -0.222348
-0.243588 0.0509946 4.896 0 0 0.975141 -0.221587
-0.218493 0.0648926 4.84043 0.200113 0.0466859 0.953067 -0.222348
-0.223183 0.0810861 4.77804 0.386042 0.112867 0.878762 -0.256923
-0.275662 0.105401 4.71935 0.516478 0.267745 0.722102 -0.374342
-0.310307 0.145197 4.77804 -0.319707 -0.244038 -0.727761 0.555514
-0.287325 0.132578 4.84043 -0.173596 -0.109951 -0.826776 0.523657
-0.290848 0.102103 4.896 1.60178e-17 -1.60178e-17 0.866398 -0.499355
-0.320329 0.0627636 4.93535 0.173596 0.109951 -0.826776 0.523657
-0.347595 0.00879856 4.95184 0.319707 0.244038 -0.727761 0.555514
-0.380386 -0.0430836 4.94269 -0.516478 -0.267745 0.722102 -0.374342
-0.325736 -0.0468057 4.94269 0.302221 0.497091 -0.422544 0.694996
-0.354116 0.00813976 4.95184 0.21067 0.342615 -0.479557 0.779909
-0.365773 0.067608 4.93535 0.127733 0.160963 -0.608347 0.766609
-0.358693 0.117679 4.896 -2.60437e-17 -4.97198e-17 -0.680563 0.73269
-0.383318 0.142811 4.84043 -0.127733 -0.160963 -0.608347 0.766609
-0.41793 0.134325 4.77804 -0.21067 -0.342615 -0.479557 0.779909
-0.409361 0.114507 4.71935 -0.302221 -0.497091 -0.422544 0.694996
-0.490472 0.0540852 4.77804 -0.0734955 -0.395431 -0.167301 0.900135
-0.464872 0.0911572 4.84043 -0.0676352 -0.194037 -0.322122 0.924128
-0.423513 0.0923031 4.896 -1.54056e-17 -9.24333e-17 -0.434171 0.90083
-0.404381 0.0431545 4.93535 0.0676352 0.194037 -0.322122 0.924128
-0.358512 0.00327743 4.95184 0.0734955 0.395431 -0.167301 0.900135
-0.419423 2.62013e-17 4.93535 -1.41804e-17 0.205487 -1.13443e-16 0.97866
-0.46275 0.0348051 4.896 -2.80695e-17 -2.80695e-17 -0.149147 0.988815
-0.496646 1.96509e-17 4.84043 2.83608e-17 -0.205487 -9.92628e-17 0.97866
-0.46275 -0.0348051 4.896 -1.40348e-17 -1.40348e-17 0.149147 0.988815
-0.297279 0 4.94269 0 0.581753 0 0.813365
-0.358512 -0.00327743 4.95184 -0.0734955 0.395431 0.167301 0.900135
-0.404381 -0.0431545 4.93535 -0.0676352 0.194037 0.322122 0.924128
-0.423513 -0.0923031 4.896 -3.08111e-17 -3.08111e-17 0.434171 0.90083
-0.464872 -0.0911572 4.84043 0.0676352 -0.194037 0.322122 0.924128
-0.490472 -0.0540852 4.77804 0.0734955 -0.395431 0.167301 0.900135
-0.478979 0 4.71935 0 -0.581753 0 0.813365
-0.409361 -0.114507 4.71935 0.302221 -0.497091 0.422544 0.694996
-0.41793 -0.134325 4.77804 0.21067 -0.342615 0.479557 0.779909
-0.383318 -0.142811 4.84043 0.127733 -0.160963 0.608347 0.766609
-0.358693 -0.117679 4.896 0 0 0.680563 0.73269
-0.365773 -0.067608 4.93535 -0.127733 0.160963 0.608347 0.766609
-0.354116 -0.00813976 4.95184 -0.21067 0.342615 0.479557 0.779909
-0.325736 0.0468057 4.94269 -0.302221 0.497091 0.422544 0.694996
-0.380386 0.0430836 4.94269 -0.516478 0.267745 0.722102 0.374342
-0.347595 -0.00879856 4.95184 -0.319707 0.244038 0.727761 0.555514
-0.320329 -0.0627636 4.93535 -0.173596 0.109951 0.826776 0.523657
-0.290848 -0.102103 4.896 0 0 0.866398 0.499355
-0.287325 -0.132578 4.84043 0.173596 -0.109951 0.826776 0.523657
-0.310307 -0.145197 4.77804 0.319707 -0.244038 0.727761 0.555514
-0.275662 -0.105401 4.71935 0.516478 -0.267745 0.722102 0.374342
-0.223183 -0.0810861 4.77804 0.386042 -0.112867 0.878762 0.256923
-0.218493 -0.0648926 4.84043 0.200113 -0.0466859 0.953067 0.222348
-0.243588 -0.0509946 4.896 0 0 0.975141 0.221587
-0.287744 -0.0307206 4.93535 -0.200113 0.0466859 0.953067 0.222348
-0.342315 -0.00491362 4.95184 -0.386042 0.112867 0.878762 0.256923
