69,15,88,24,67,67,48,57
 Cab
48,57,68,67,41,121,21,111
 Oate
46,215,66,225,35,288,15,278
 000007
294,306,352,306,352,325,294,325
 THERM
532,313,561,313,561,327,532,327
 ISS
300,329,331,329,331,354,300,354
 J3
586,569,624,569,624,588,586,588
 OUT
624,571,651,571,651,588,624,588
 767
605,590,647,590,647,617,605,617
 06
1087,680,1100,680,1100,703,1087,703
 1
1033,711,1056,707,1080,829,1057,834
 683-44036-2
1068,750,1089,746,1103,820,1082,824
 001001
1085,822,1108,822,1108,860,1085,860
 S/N
1062,832,1083,832,1083,872,1062,872
 P/N
