92,118,172,122,170,150,90,147
 CLOSED
100,246,158,246,158,273,100,273
 OPEN
108,294,148,294,148,321,108,321
 CB
173,646,236,649,235,665,172,663
 VACUUM
179,662,230,664,229,681,178,678
 WASTE
782,665,843,665,843,690,782,690
 ARIS
526,668,645,668,645,690,526,690
 NITROGEN
845,668,901,668,901,690,845,690
 1553
185,678,219,678,219,695,185,695
 GAS
805,688,874,688,874,711,805,711
 PORT
1179,688,1252,688,1252,709,1179,709
 MOKE
1187,711,1277,711,1277,734,1187,734
 CATION
421,903,521,903,521,931,421,931
 LOCKER
987,916,1091,916,1091,943,987,943
 LOCKER
617,943,651,943,651,958,617,958
 POW
1242,955,1300,958,1300,973,1241,971
 POWER
