584,68,624,68,624,87,584,87
 OUT
624,68,653,68,653,87,624,87
 767
603,89,647,89,647,116,603,116
 06
1081,150,1096,149,1102,201,1087,203
 I
1033,210,1056,206,1080,328,1057,333
 683-44036-2
1068,249,1089,245,1103,319,1082,323
 001001
1085,321,1108,321,1108,359,1085,359
 S/N
1062,331,1083,331,1083,371,1062,371
 P/N
415,835,461,835,461,855,415,855
 MSG
463,835,518,843,515,863,461,855
 Front
518,840,570,850,566,872,514,863
 Stray
411,855,463,855,463,876,411,876
 Light
466,858,523,866,520,884,463,876
 Cover
