10.382643 -8.541145 5.018767 180.000000 79.500869 180.000000
10.551631 -8.541145 5.018767 -0.000000 89.999999 0.000000
10.933000 -8.541145 5.018767 -0.000000 89.999999 0.000000
11.314369 -8.541145 5.018767 -0.000000 89.999999 0.000000
11.483357 -8.541145 5.018767 0.000000 79.500869 0.000000
11.003671 -8.911446 4.479054 0.000000 79.500869 0.000000
10.774097 -8.929485 4.715557 -0.000000 89.999999 0.000000
10.456290 -8.929485 4.715557 -0.000000 89.999999 0.000000
10.456290 -9.315744 4.715557 -0.000000 89.999999 0.000000
10.774097 -9.315744 4.715557 -0.000000 89.999999 0.000000
11.091903 -8.929485 4.715557 -0.000000 89.999999 0.000000
11.409710 -8.929485 4.715557 -0.000000 89.999999 0.000000
11.409710 -9.315744 4.715557 180.000000 82.879204 180.000000
11.091903 -9.315744 4.715557 -0.000000 89.999999 0.000000
11.075568 -9.300481 4.682607 0.000000 44.816705 0.000000
11.075568 -8.911446 4.682607 0.000000 44.816705 0.000000
11.075568 -8.522412 4.682607 0.000000 44.816705 0.000000
10.862329 -8.911446 4.479054 0.000000 44.816705 0.000000
10.862329 -9.300481 4.479054 0.000000 37.123735 0.000000
10.846357 -9.300481 4.555102 0.000000 -11.544976 0.000000
10.846357 -9.300481 4.171289 0.000000 0.000000 0.000000
10.846357 -9.132405 4.171289 0.000000 -0.000006 10.913183
10.846357 -9.132405 4.171289 0.000000 10.407160 0.000000
10.846357 -8.522412 4.381767 0.000000 10.407160 0.000000
10.846357 -8.522412 4.555102 0.000000 0.000000 0.000000
10.846357 -8.911446 4.555102 0.000000 0.000000 0.000000
10.846357 -9.300481 4.938915 0.000000 0.000000 0.000000
10.846357 -9.300481 5.322728 0.000000 0.000000 -8.973217
10.846357 -9.300481 5.396063 0.000000 -10.407163 0.000000
10.846357 -8.911446 5.396063 0.000000 -10.407163 0.000000
10.846357 -8.911446 5.322728 0.000000 0.000000 0.000000
10.846357 -8.911446 4.938915 0.000000 0.000000 0.000000
10.846357 -8.522412 4.938915 0.000000 0.000000 0.000000
10.846357 -8.522412 5.322728 0.000000 0.000000 0.000000
10.846357 -8.522412 5.396063 0.000000 -10.407163 0.000000
11.126457 -8.522412 5.144007 0.000000 -44.816721 0.000000
11.126457 -8.911446 5.144007 0.000000 -44.816721 0.000000
11.126457 -9.300481 5.144007 0.000000 -44.124113 -12.549481
11.019643 -9.132404 4.171289 0.000000 -0.000006 169.086823
11.019643 -9.300481 4.171289 0.000000 0.000000 180.000000
11.019643 -9.300481 4.555102 0.000000 0.000000 180.000000
11.003671 -9.300481 4.479054 0.000000 44.816705 180.000000
10.790432 -9.300481 4.682607 0.000000 44.124098 -167.450522
10.790432 -8.911446 4.682607 0.000000 44.816705 180.000000
10.790432 -8.522412 4.682607 0.000000 44.816705 180.000000
11.003671 -8.911446 4.479054 0.000000 44.816705 180.000000
11.019643 -8.911446 4.555102 0.000000 0.000000 180.000000
11.019643 -8.911446 4.938915 0.000000 0.000000 180.000000
11.019643 -9.300481 4.938915 0.000000 0.000000 -171.026783
10.933000 -9.300481 4.859063 -180.000000 -89.999999 0.000000
10.933000 -8.911446 4.859063 -180.000000 -89.999999 0.000000
10.551631 -8.911446 4.859063 -180.000000 -89.999999 0.000000
10.551631 -8.522412 4.859063 -180.000000 -89.999999 0.000000
10.382643 -8.522412 4.859063 0.000000 -79.500869 180.000000
10.382643 -8.911446 4.859063 0.000000 -79.500869 180.000000
10.382643 -9.300481 4.859063 0.000000 -79.500869 180.000000
10.551631 -9.300481 4.859063 -90.000000 -81.026783 -90.000000
11.314369 -9.300481 4.859063 -90.000000 -81.026783 -90.000000
11.483357 -9.300481 4.859063 -180.000000 -79.500869 0.000000
11.314369 -8.911446 4.859063 -180.000000 -89.999999 0.000000
11.483357 -8.911446 4.859063 -180.000000 -79.500869 0.000000
11.483357 -8.522412 4.859063 -180.000000 -79.500869 0.000000
11.314369 -8.522412 4.859063 -180.000000 -89.999999 0.000000
10.933000 -8.522412 4.859063 -180.000000 -89.999999 0.000000
10.739543 -8.522412 5.144007 0.000000 -44.816721 180.000000
10.739543 -8.911446 5.144007 0.000000 -44.816721 180.000000
10.739543 -9.300481 5.144007 0.000000 -44.124113 -167.450519
11.019643 -9.300481 5.396063 0.000000 -10.282527 -171.026783
11.019643 -9.300481 5.322728 0.000000 0.000000 180.000000
11.019643 -8.911446 5.322728 0.000000 0.000000 180.000000
11.019643 -8.911446 5.396063 0.000000 -10.407163 180.000000
11.019643 -8.522412 5.396063 0.000000 -10.407163 180.000000
11.019643 -8.522412 5.322728 0.000000 0.000000 180.000000
11.019643 -8.522412 4.938915 0.000000 0.000000 180.000000
11.019643 -8.522412 4.555102 0.000000 0.000000 180.000000
11.019643 -8.522412 4.381767 0.000000 10.407160 180.000000
