11.019643 -8.133377 4.381767 0.000000 10.407160 180.000000
11.019643 -8.133377 4.555102 0.000000 0.000000 180.000000
10.790432 -8.133377 4.682607 0.000000 44.816705 180.000000
10.790432 -7.744343 4.682607 0.000000 44.816705 180.000000
11.019643 -7.744343 4.381767 0.000000 10.407160 180.000000
11.019643 -7.744343 4.555102 0.000000 0.000000 180.000000
11.019643 -7.744343 4.938915 0.000000 0.000000 180.000000
11.019643 -8.133377 4.938915 0.000000 0.000000 180.000000
11.019643 -8.133377 5.322728 0.000000 0.000000 180.000000
11.019643 -8.133377 5.496063 0.000000 -10.407163 180.000000
11.019643 -7.744343 5.496063 0.000000 -10.407163 180.000000
11.019643 -7.744343 5.322728 0.000000 0.000000 180.000000
10.739543 -7.744343 5.144007 0.000000 -44.816721 180.000000
10.739543 -8.133377 5.144007 0.000000 -44.816721 180.000000
10.933000 -8.133377 4.859063 -180.000000 -89.999999 0.000000
11.314369 -8.133377 4.859063 -180.000000 -89.999999 0.000000
11.483357 -8.133377 4.859063 -180.000000 -79.500869 0.000000
11.483357 -7.744343 4.859063 -180.000000 -79.500869 0.000000
11.314369 -7.744343 4.859063 -180.000000 -89.999999 0.000000
10.933000 -7.744343 4.859063 -180.000000 -89.999999 0.000000
10.551631 -7.744343 4.859063 -180.000000 -89.999999 0.000000
10.382643 -7.744343 4.859063 0.000000 -79.500869 180.000000
10.382643 -8.133377 4.859063 0.000000 -79.500869 180.000000
10.551631 -8.133377 4.859063 -180.000000 -89.999999 0.000000
10.551631 -8.150723 5.018767 -0.000000 89.999999 0.000000
10.382643 -8.150723 5.018767 180.000000 79.500869 180.000000
10.382643 -7.760301 5.018767 180.000000 79.500869 180.000000
10.551631 -7.760301 5.018767 -0.000000 89.999999 0.000000
10.933000 -7.760301 5.018767 -0.000000 89.999999 0.000000
11.314369 -7.760301 5.018767 -0.000000 89.999999 0.000000
11.483357 -7.760301 5.018767 0.000000 79.500869 0.000000
11.483357 -8.150723 5.018767 0.000000 79.500869 0.000000
11.314369 -8.150723 5.018767 -0.000000 89.999999 0.000000
10.933000 -8.150723 5.018767 -0.000000 89.999999 0.000000
11.075568 -8.133377 4.682607 0.000000 44.816705 0.000000
11.075568 -7.744343 4.682607 0.000000 44.816705 0.000000
10.846357 -7.744343 4.555102 0.000000 0.000000 0.000000
10.846357 -7.744343 4.381767 0.000000 10.407160 0.000000
10.846357 -8.133377 4.381767 0.000000 10.407160 0.000000
10.846357 -8.133377 4.555102 0.000000 0.000000 0.000000
10.846357 -8.133377 4.938915 0.000000 0.000000 0.000000
10.846357 -7.744343 4.938915 0.000000 0.000000 0.000000
10.846357 -7.744343 5.322728 0.000000 0.000000 0.000000
10.846357 -7.744343 5.496063 0.000000 -10.407163 0.000000
10.846357 -8.133377 5.496063 0.000000 -10.407163 0.000000
10.846357 -8.133377 5.322728 0.000000 0.000000 0.000000
11.126457 -8.133377 5.144007 0.000000 -44.816721 0.000000
11.126457 -7.744343 5.144007 0.000000 -44.816721 0.000000
