11.0077 -4.99509 4.95184 -0.386042 -0.112867 0.878762 -0.256923
11.0077 -5.19509 4.95184 -0.386042 -0.112867 0.878762 -0.256923
11.0623 -4.96928 4.93535 -0.200113 -0.0466859 0.953067 -0.222348
11.0623 -5.16928 4.93535 -0.200113 -0.0466859 0.953067 -0.222348
11.1064 -4.94901 4.896 0 0 0.975141 -0.221587
11.1064 -5.14901 4.896 0 0 0.975141 -0.221587
11.1315 -4.93511 4.84043 0.200113 0.0466859 0.953067 -0.222348
11.1315 -5.13511 4.84043 0.200113 0.0466859 0.953067 -0.222348
11.1268 -4.91891 4.77804 0.386042 0.112867 0.878762 -0.256923
11.1268 -5.11891 4.77804 0.386042 0.112867 0.878762 -0.256923
11.0743 -4.8946 4.71935 0.516478 0.267745 0.722102 -0.374342
11.0743 -5.0946 4.71935 0.516478 0.267745 0.722102 -0.374342
11.0397 -4.8548 4.77804 -0.319707 -0.244038 -0.727761 0.555514
11.0397 -5.0548 4.77804 -0.319707 -0.244038 -0.727761 0.555514
11.0627 -4.86742 4.84043 -0.173596 -0.109951 -0.826776 0.523657
11.0627 -5.06742 4.84043 -0.173596 -0.109951 -0.826776 0.523657
11.0592 -4.8979 4.896 1.60178e-17 -1.60178e-17 0.866398 -0.499355
11.0592 -5.0979 4.896 1.60178e-17 -1.60178e-17 0.866398 -0.499355
11.0297 -4.93724 4.93535 0.173596 0.109951 -0.826776 0.523657
11.0297 -5.13724 4.93535 0.173596 0.109951 -0.826776 0.523657
11.0024 -4.9912 4.95184 0.319707 0.244038 -0.727761 0.555514
11.0024 -5.1912 4.95184 0.319707 0.244038 -0.727761 0.555514
10.9696 -5.04308 4.94269 -0.516478 -0.267745 0.722102 -0.374342
10.9696 -5.24308 4.94269 -0.516478 -0.267745 0.722102 -0.374342
11.0243 -5.04681 4.94269 0.302221 0.497091 -0.422544 0.694996
11.0243 -5.24681 4.94269 0.302221 0.497091 -0.422544 0.694996
10.9959 -4.99186 4.95184 0.21067 0.342615 -0.479557 0.779909
10.9959 -5.19186 4.95184 0.21067 0.342615 -0.479557 0.779909
10.9842 -4.93239 4.93535 0.127733 0.160963 -0.608347 0.766609
10.9842 -5.13239 4.93535 0.127733 0.160963 -0.608347 0.766609
10.9913 -4.88232 4.896 -2.60437e-17 -4.97198e-17 -0.680563 0.73269
10.9913 -5.08232 4.896 -2.60437e-17 -4.97198e-17 -0.680563 0.73269
10.9667 -4.85719 4.84043 -0.127733 -0.160963 -0.608347 0.766609
10.9667 -5.05719 4.84043 -0.127733 -0.160963 -0.608347 0.766609
10.9321 -4.86568 4.77804 -0.21067 -0.342615 -0.479557 0.779909
10.9321 -5.06568 4.77804 -0.21067 -0.342615 -0.479557 0.779909
10.9406 -4.88549 4.71935 -0.302221 -0.497091 -0.422544 0.694996
10.9406 -5.08549 4.71935 -0.302221 -0.497091 -0.422544 0.694996
10.8595 -4.94591 4.77804 -0.0734955 -0.395431 -0.167301 0.900135
10.8595 -5.14591 4.77804 -0.0734955 -0.395431 -0.167301 0.900135
10.8851 -4.90884 4.84043 -0.0676352 -0.194037 -0.322122 0.924128
10.8851 -5.10884 4.84043 -0.0676352 -0.194037 -0.322122 0.924128
10.9265 -4.9077 4.896 -1.54056e-17 -9.24333e-17 -0.434171 0.90083
10.9265 -5.1077 4.896 -1.54056e-17 -9.24333e-17 -0.434171 0.90083
10.9456 -4.95685 4.93535 0.0676352 0.194037 -0.322122 0.924128
10.9456 -5.15685 4.93535 0.0676352 0.194037 -0.322122 0.924128
10.9915 -4.99672 4.95184 0.0734955 0.395431 -0.167301 0.900135
10.9915 -5.19672 4.95184 0.0734955 0.395431 -0.167301 0.900135
10.9306 -5 4.93535 -1.41804e-17 0.205487 -1.13443e-16 0.97866
10.9306 -5.2 4.93535 -1.41804e-17 0.205487 -1.13443e-16 0.97866
10.8872 -4.96519 4.896 -2.80695e-17 -2.80695e-17 -0.149147 0.988815
10.8872 -5.16519 4.896 -2.80695e-17 -2.80695e-17 -0.149147 0.988815
10.8534 -5 4.84043 2.83608e-17 -0.205487 -9.92628e-17 0.97866
10.8534 -5.2 4.84043 2.83608e-17 -0.205487 -9.92628e-17 0.97866
10.8872 -5.03481 4.896 -1.40348e-17 -1.40348e-17 0.149147 0.988815
10.8872 -5.23481 4.896 -1.40348e-17 -1.40348e-17 0.149147 0.988815
11.0527 -5 4.94269 0 0.581753 0 0.813365
11.0527 -5.2 4.94269 0 0.581753 0 0.813365
10.9915 -5.00328 4.95184 -0.0734955 0.395431 0.167301 0.900135
10.9915 -5.20328 4.95184 -0.0734955 0.395431 0.167301 0.900135
10.9456 -5.04315 4.93535 -0.0676352 0.194037 0.322122 0.924128
10.9456 -5.24315 4.93535 -0.0676352 0.194037 0.322122 0.924128
10.9265 -5.0923 4.896 -3.08111e-17 -3.08111e-17 0.434171 0.90083
10.9265 -5.2923 4.896 -3.08111e-17 -3.08111e-17 0.434171 0.90083
10.8851 -5.09116 4.84043 0.0676352 -0.194037 0.322122 0.924128
10.8851 -5.29116 4.84043 0.0676352 -0.194037 0.322122 0.924128
10.8595 -5.05409 4.77804 0.0734955 -0.395431 0.167301 0.900135
10.8595 -5.25409 4.77804 0.0734955 -0.395431 0.167301 0.900135
10.871 -5 4.71935 0 -0.581753 0 0.813365
10.871 -5.2 4.71935 0 -0.581753 0 0.813365
10.9406 -5.11451 4.71935 0.302221 -0.497091 0.422544 0.694996
10.9406 -5.31451 4.71935 0.302221 -0.497091 0.422544 0.694996
10.9321 -5.13432 4.77804 0.21067 -0.342615 0.479557 0.779909
10.9321 -5.33432 4.77804 0.21067 -0.342615 0.479557 0.779909
10.9667 -5.14281 4.84043 0.127733 -0.160963 0.608347 0.766609
10.9667 -5.34281 4.84043 0.127733 -0.160963 0.608347 0.766609
10.9913 -5.11768 4.896 0 0 0.680563 0.73269
10.9913 -5.31768 4.896 0 0 0.680563 0.73269
10.9842 -5.06761 4.93535 -0.127733 0.160963 0.608347 0.766609
10.9842 -5.26761 4.93535 -0.127733 0.160963 0.608347 0.766609
10.9959 -5.00814 4.95184 -0.21067 0.342615 0.479557 0.779909
10.9959 -5.20814 4.95184 -0.21067 0.342615 0.479557 0.779909
11.0243 -4.95319 4.94269 -0.302221 0.497091 0.422544 0.694996
11.0243 -5.15319 4.94269 -0.302221 0.497091 0.422544 0.694996
10.9696 -4.95692 4.94269 -0.516478 0.267745 0.722102 0.374342
10.9696 -5.15692 4.94269 -0.516478 0.267745 0.722102 0.374342
11.0024 -5.0088 4.95184 -0.319707 0.244038 0.727761 0.555514
11.0024 -5.2088 4.95184 -0.319707 0.244038 0.727761 0.555514
11.0297 -5.06276 4.93535 -0.173596 0.109951 0.826776 0.523657
11.0297 -5.26276 4.93535 -0.173596 0.109951 0.826776 0.523657
11.0592 -5.1021 4.896 0 0 0.866398 0.499355
11.0592 -5.3021 4.896 0 0 0.866398 0.499355
11.0627 -5.13258 4.84043 0.173596 -0.109951 0.826776 0.523657
11.0627 -5.33258 4.84043 0.173596 -0.109951 0.826776 0.523657
11.0397 -5.1452 4.77804 0.319707 -0.244038 0.727761 0.555514
11.0397 -5.3452 4.77804 0.319707 -0.244038 0.727761 0.555514
11.0743 -5.1054 4.71935 0.516478 -0.267745 0.722102 0.374342
11.0743 -5.3054 4.71935 0.516478 -0.267745 0.722102 0.374342
11.1268 -5.08109 4.77804 0.386042 -0.112867 0.878762 0.256923
11.1268 -5.28109 4.77804 0.386042 -0.112867 0.878762 0.256923
11.1315 -5.06489 4.84043 0.200113 -0.0466859 0.953067 0.222348
11.1315 -5.26489 4.84043 0.200113 -0.0466859 0.953067 0.222348
11.1064 -5.05099 4.896 0 0 0.975141 0.221587
11.1064 -5.25099 4.896 0 0 0.975141 0.221587
11.0623 -5.03072 4.93535 -0.200113 0.0466859 0.953067 0.222348
11.0623 -5.23072 4.93535 -0.200113 0.0466859 0.953067 0.222348
11.0077 -5.00491 4.95184 -0.386042 0.112867 0.878762 0.256923
11.0077 -5.20491 4.95184 -0.386042 0.112867 0.878762 0.256923
