11.0077 -5.99509 4.95184 -0.386042 -0.112867 0.878762 -0.256923
11.0077 -6.19509 4.95184 -0.386042 -0.112867 0.878762 -0.256923
11.0623 -5.96928 4.93535 -0.200113 -0.0466859 0.953067 -0.222348
11.0623 -6.16928 4.93535 -0.200113 -0.0466859 0.953067 -0.222348
11.1064 -5.94901 4.896 0 0 0.975141 -0.221587
11.1064 -6.14901 4.896 0 0 0.975141 -0.221587
11.1315 -5.93511 4.84043 0.200113 0.0466859 0.953067 -0.222348
11.1315 -6.13511 4.84043 0.200113 0.0466859 0.953067 -0.222348
11.1268 -5.91891 4.77804 0.386042 0.112867 0.878762 -0.256923
11.1268 -6.11891 4.77804 0.386042 0.112867 0.878762 -0.256923
11.0743 -5.8946 4.71935 0.516478 0.267745 0.722102 -0.374342
11.0743 -6.0946 4.71935 0.516478 0.267745 0.722102 -0.374342
11.0397 -5.8548 4.77804 -0.319707 -0.244038 -0.727761 0.555514
11.0397 -6.0548 4.77804 -0.319707 -0.244038 -0.727761 0.555514
11.0627 -5.86742 4.84043 -0.173596 -0.109951 -0.826776 0.523657
11.0627 -6.06742 4.84043 -0.173596 -0.109951 -0.826776 0.523657
11.0592 -5.8979 4.896 1.60178e-17 -1.60178e-17 0.866398 -0.499355
11.0592 -6.0979 4.896 1.60178e-17 -1.60178e-17 0.866398 -0.499355
11.0297 -5.93724 4.93535 0.173596 0.109951 -0.826776 0.523657
11.0297 -6.13724 4.93535 0.173596 0.109951 -0.826776 0.523657
11.0024 -5.9912 4.95184 0.319707 0.244038 -0.727761 0.555514
11.0024 -6.1912 4.95184 0.319707 0.244038 -0.727761 0.555514
10.9696 -6.04308 4.94269 -0.516478 -0.267745 0.722102 -0.374342
10.9696 -6.24308 4.94269 -0.516478 -0.267745 0.722102 -0.374342
11.0243 -6.04681 4.94269 0.302221 0.497091 -0.422544 0.694996
11.0243 -6.24681 4.94269 0.302221 0.497091 -0.422544 0.694996
10.9959 -5.99186 4.95184 0.21067 0.342615 -0.479557 0.779909
10.9959 -6.19186 4.95184 0.21067 0.342615 -0.479557 0.779909
10.9842 -5.93239 4.93535 0.127733 0.160963 -0.608347 0.766609
10.9842 -6.13239 4.93535 0.127733 0.160963 -0.608347 0.766609
10.9913 -5.88232 4.896 -2.60437e-17 -4.97198e-17 -0.680563 0.73269
10.9913 -6.08232 4.896 -2.60437e-17 -4.97198e-17 -0.680563 0.73269
10.9667 -5.85719 4.84043 -0.127733 -0.160963 -0.608347 0.766609
10.9667 -6.05719 4.84043 -0.127733 -0.160963 -0.608347 0.766609
10.9321 -5.86568 4.77804 -0.21067 -0.342615 -0.479557 0.779909
10.9321 -6.06568 4.77804 -0.21067 -0.342615 -0.479557 0.779909
10.9406 -5.88549 4.71935 -0.302221 -0.497091 -0.422544 0.694996
10.9406 -6.08549 4.71935 -0.302221 -0.497091 -0.422544 0.694996
10.8595 -5.94591 4.77804 -0.0734955 -0.395431 -0.167301 0.900135
10.8595 -6.14591 4.77804 -0.0734955 -0.395431 -0.167301 0.900135
10.8851 -5.90884 4.84043 -0.0676352 -0.194037 -0.322122 0.924128
10.8851 -6.10884 4.84043 -0.0676352 -0.194037 -0.322122 0.924128
10.9265 -5.9077 4.896 -1.54056e-17 -9.24333e-17 -0.434171 0.90083
10.9265 -6.1077 4.896 -1.54056e-17 -9.24333e-17 -0.434171 0.90083
10.9456 -5.95685 4.93535 0.0676352 0.194037 -0.322122 0.924128
10.9456 -6.15685 4.93535 0.0676352 0.194037 -0.322122 0.924128
10.9915 -5.99672 4.95184 0.0734955 0.395431 -0.167301 0.900135
10.9915 -6.19672 4.95184 0.0734955 0.395431 -0.167301 0.900135
10.9306 -6 4.93535 -1.41804e-17 0.205487 -1.13443e-16 0.97866
10.9306 -6.2 4.93535 -1.41804e-17 0.205487 -1.13443e-16 0.97866
10.8872 -5.96519 4.896 -2.80695e-17 -2.80695e-17 -0.149147 0.988815
10.8872 -6.16519 4.896 -2.80695e-17 -2.80695e-17 -0.149147 0.988815
10.8534 -6 4.84043 2.83608e-17 -0.205487 -9.92628e-17 0.97866
10.8534 -6.2 4.84043 2.83608e-17 -0.205487 -9.92628e-17 0.97866
10.8872 -6.03481 4.896 -1.40348e-17 -1.40348e-17 0.149147 0.988815
10.8872 -6.23481 4.896 -1.40348e-17 -1.40348e-17 0.149147 0.988815
11.0527 -6 4.94269 0 0.581753 0 0.813365
11.0527 -6.2 4.94269 0 0.581753 0 0.813365
10.9915 -6.00328 4.95184 -0.0734955 0.395431 0.167301 0.900135
10.9915 -6.20328 4.95184 -0.0734955 0.395431 0.167301 0.900135
10.9456 -6.04315 4.93535 -0.0676352 0.194037 0.322122 0.924128
10.9456 -6.24315 4.93535 -0.0676352 0.194037 0.322122 0.924128
10.9265 -6.0923 4.896 -3.08111e-17 -3.08111e-17 0.434171 0.90083
10.9265 -6.2923 4.896 -3.08111e-17 -3.08111e-17 0.434171 0.90083
10.8851 -6.09116 4.84043 0.0676352 -0.194037 0.322122 0.924128
10.8851 -6.29116 4.84043 0.0676352 -0.194037 0.322122 0.924128
10.8595 -6.05409 4.77804 0.0734955 -0.395431 0.167301 0.900135
10.8595 -6.25409 4.77804 0.0734955 -0.395431 0.167301 0.900135
10.871 -6 4.71935 0 -0.581753 0 0.813365
10.871 -6.2 4.71935 0 -0.581753 0 0.813365
10.9406 -6.11451 4.71935 0.302221 -0.497091 0.422544 0.694996
10.9406 -6.31451 4.71935 0.302221 -0.497091 0.422544 0.694996
10.9321 -6.13432 4.77804 0.21067 -0.342615 0.479557 0.779909
10.9321 -6.33432 4.77804 0.21067 -0.342615 0.479557 0.779909
10.9667 -6.14281 4.84043 0.127733 -0.160963 0.608347 0.766609
10.9667 -6.34281 4.84043 0.127733 -0.160963 0.608347 0.766609
10.9913 -6.11768 4.896 0 0 0.680563 0.73269
10.9913 -6.31768 4.896 0 0 0.680563 0.73269
10.9842 -6.06761 4.93535 -0.127733 0.160963 0.608347 0.766609
10.9842 -6.26761 4.93535 -0.127733 0.160963 0.608347 0.766609
10.9959 -6.00814 4.95184 -0.21067 0.342615 0.479557 0.779909
10.9959 -6.20814 4.95184 -0.21067 0.342615 0.479557 0.779909
11.0243 -5.95319 4.94269 -0.302221 0.497091 0.422544 0.694996
11.0243 -6.15319 4.94269 -0.302221 0.497091 0.422544 0.694996
10.9696 -5.95692 4.94269 -0.516478 0.267745 0.722102 0.374342
10.9696 -6.15692 4.94269 -0.516478 0.267745 0.722102 0.374342
11.0024 -6.0088 4.95184 -0.319707 0.244038 0.727761 0.555514
11.0024 -6.2088 4.95184 -0.319707 0.244038 0.727761 0.555514
11.0297 -6.06276 4.93535 -0.173596 0.109951 0.826776 0.523657
11.0297 -6.26276 4.93535 -0.173596 0.109951 0.826776 0.523657
11.0592 -6.1021 4.896 0 0 0.866398 0.499355
11.0592 -6.3021 4.896 0 0 0.866398 0.499355
11.0627 -6.13258 4.84043 0.173596 -0.109951 0.826776 0.523657
11.0627 -6.33258 4.84043 0.173596 -0.109951 0.826776 0.523657
11.0397 -6.1452 4.77804 0.319707 -0.244038 0.727761 0.555514
11.0397 -6.3452 4.77804 0.319707 -0.244038 0.727761 0.555514
11.0743 -6.1054 4.71935 0.516478 -0.267745 0.722102 0.374342
11.0743 -6.3054 4.71935 0.516478 -0.267745 0.722102 0.374342
11.1268 -6.08109 4.77804 0.386042 -0.112867 0.878762 0.256923
11.1268 -6.28109 4.77804 0.386042 -0.112867 0.878762 0.256923
11.1315 -6.06489 4.84043 0.200113 -0.0466859 0.953067 0.222348
11.1315 -6.26489 4.84043 0.200113 -0.0466859 0.953067 0.222348
11.1064 -6.05099 4.896 0 0 0.975141 0.221587
11.1064 -6.25099 4.896 0 0 0.975141 0.221587
11.0623 -6.03072 4.93535 -0.200113 0.0466859 0.953067 0.222348
11.0623 -6.23072 4.93535 -0.200113 0.0466859 0.953067 0.222348
11.0077 -6.00491 4.95184 -0.386042 0.112867 0.878762 0.256923
11.0077 -6.20491 4.95184 -0.386042 0.112867 0.878762 0.256923
