11.0077 -3.99509 4.95184 -0.386042 -0.112867 0.878762 -0.256923
11.0623 -3.96928 4.93535 -0.200113 -0.0466859 0.953067 -0.222348
11.1064 -3.94901 4.896 0 0 0.975141 -0.221587
11.1315 -3.93511 4.84043 0.200113 0.0466859 0.953067 -0.222348
11.1268 -3.91891 4.77804 0.386042 0.112867 0.878762 -0.256923
11.0743 -3.8946 4.71935 0.516478 0.267745 0.722102 -0.374342
11.0397 -3.8548 4.77804 -0.319707 -0.244038 -0.727761 0.555514
11.0627 -3.86742 4.84043 -0.173596 -0.109951 -0.826776 0.523657
11.0592 -3.8979 4.896 1.60178e-17 -1.60178e-17 0.866398 -0.499355
11.0297 -3.93724 4.93535 0.173596 0.109951 -0.826776 0.523657
11.0024 -3.9912 4.95184 0.319707 0.244038 -0.727761 0.555514
10.9696 -4.04308 4.94269 -0.516478 -0.267745 0.722102 -0.374342
11.0243 -4.04681 4.94269 0.302221 0.497091 -0.422544 0.694996
10.9959 -3.99186 4.95184 0.21067 0.342615 -0.479557 0.779909
10.9842 -3.93239 4.93535 0.127733 0.160963 -0.608347 0.766609
10.9913 -3.88232 4.896 -2.60437e-17 -4.97198e-17 -0.680563 0.73269
10.9667 -3.85719 4.84043 -0.127733 -0.160963 -0.608347 0.766609
10.9321 -3.86568 4.77804 -0.21067 -0.342615 -0.479557 0.779909
10.9406 -3.88549 4.71935 -0.302221 -0.497091 -0.422544 0.694996
10.8595 -3.94591 4.77804 -0.0734955 -0.395431 -0.167301 0.900135
10.8851 -3.90884 4.84043 -0.0676352 -0.194037 -0.322122 0.924128
10.9265 -3.9077 4.896 -1.54056e-17 -9.24333e-17 -0.434171 0.90083
10.9456 -3.95685 4.93535 0.0676352 0.194037 -0.322122 0.924128
10.9915 -3.99672 4.95184 0.0734955 0.395431 -0.167301 0.900135
10.9306 -4 4.93535 -1.41804e-17 0.205487 -1.13443e-16 0.97866
10.8872 -3.96519 4.896 -2.80695e-17 -2.80695e-17 -0.149147 0.988815
10.8534 -4 4.84043 2.83608e-17 -0.205487 -9.92628e-17 0.97866
10.8872 -4.03481 4.896 -1.40348e-17 -1.40348e-17 0.149147 0.988815
11.0527 -4 4.94269 0 0.581753 0 0.813365
10.9915 -4.00328 4.95184 -0.0734955 0.395431 0.167301 0.900135
10.9456 -4.04315 4.93535 -0.0676352 0.194037 0.322122 0.924128
10.9265 -4.0923 4.896 -3.08111e-17 -3.08111e-17 0.434171 0.90083
10.8851 -4.09116 4.84043 0.0676352 -0.194037 0.322122 0.924128
10.8595 -4.05409 4.77804 0.0734955 -0.395431 0.167301 0.900135
10.871 -4 4.71935 0 -0.581753 0 0.813365
10.9406 -4.11451 4.71935 0.302221 -0.497091 0.422544 0.694996
10.9321 -4.13432 4.77804 0.21067 -0.342615 0.479557 0.779909
10.9667 -4.14281 4.84043 0.127733 -0.160963 0.608347 0.766609
10.9913 -4.11768 4.896 0 0 0.680563 0.73269
10.9842 -4.06761 4.93535 -0.127733 0.160963 0.608347 0.766609
10.9959 -4.00814 4.95184 -0.21067 0.342615 0.479557 0.779909
11.0243 -3.95319 4.94269 -0.302221 0.497091 0.422544 0.694996
10.9696 -3.95692 4.94269 -0.516478 0.267745 0.722102 0.374342
11.0024 -4.0088 4.95184 -0.319707 0.244038 0.727761 0.555514
11.0297 -4.06276 4.93535 -0.173596 0.109951 0.826776 0.523657
11.0592 -4.1021 4.896 0 0 0.866398 0.499355
11.0627 -4.13258 4.84043 0.173596 -0.109951 0.826776 0.523657
11.0397 -4.1452 4.77804 0.319707 -0.244038 0.727761 0.555514
11.0743 -4.1054 4.71935 0.516478 -0.267745 0.722102 0.374342
11.1268 -4.08109 4.77804 0.386042 -0.112867 0.878762 0.256923
11.1315 -4.06489 4.84043 0.200113 -0.0466859 0.953067 0.222348
11.1064 -4.05099 4.896 0 0 0.975141 0.221587
11.0623 -4.03072 4.93535 -0.200113 0.0466859 0.953067 0.222348
11.0077 -4.00491 4.95184 -0.386042 0.112867 0.878762 0.256923
