10.9423 -9.7049 4.95184 -0.112849 0.386047 0.256882 0.878774
10.8877 -9.7307 4.93535 -0.0466766 0.200115 0.222304 0.953077
10.8436 -9.751 4.896 0 0 0.221542 0.975151
10.8185 -9.7649 4.84043 0.0466766 -0.200115 0.222304 0.953077
10.8232 -9.7811 4.77804 0.112849 -0.386047 0.256882 0.878774
10.8757 -9.8054 4.71935 0.267721 -0.51649 0.374309 0.722119
10.9103 -9.8452 4.77804 0.244024 -0.319718 0.555481 0.727787
10.8873 -9.8326 4.84043 0.109943 -0.173601 0.523619 0.8268
10.8908 -9.8021 4.896 -1.60189e-17 -1.60174e-17 0.499315 0.866421
10.9203 -9.7628 4.93535 -0.109943 0.173601 0.523619 0.8268
10.9476 -9.7088 4.95184 -0.244024 0.319718 0.555481 0.727787
10.9804 -9.65692 4.94269 -0.267721 0.51649 0.374309 0.722119
10.9257 -9.65319 4.94269 -0.497077 0.302244 0.694977 0.422576
10.9541 -9.7081 4.95184 -0.342606 0.210686 0.779887 0.479593
10.9658 -9.7676 4.93535 -0.160957 0.12774 0.766581 0.608382
10.9587 -9.8177 4.896 5.35266e-17 -2.80409e-17 0.732658 0.680597
10.9833 -9.8428 4.84043 0.160957 -0.12774 0.766581 0.608382
11.0179 -9.8343 4.77804 0.342606 -0.210686 0.779887 0.479593
11.0094 -9.8145 4.71935 0.497077 -0.302244 0.694977 0.422576
11.0905 -9.7541 4.77804 0.395428 -0.0735139 0.900127 0.167343
11.0649 -9.7912 4.84043 0.194033 -0.0676442 0.924113 0.322165
11.0235 -9.7923 4.896 9.24325e-17 -1.54087e-17 0.90081 0.434213
11.0044 -9.7432 4.93535 -0.194033 0.0676442 0.924113 0.322165
10.9585 -9.7033 4.95184 -0.395428 0.0735139 0.900127 0.167343
11.0194 -9.7 4.93535 -0.205487 9.51953e-06 0.97866 4.53382e-05
11.0627 -9.7348 4.896 2.80697e-17 -2.80723e-17 0.988808 0.149193
11.0966 -9.7 4.84043 0.205487 -9.51953e-06 0.97866 4.53382e-05
11.0628 -9.66521 4.896 1.40347e-17 -1.4036e-17 0.988822 -0.149102
10.8973 -9.7 4.94269 -0.581753 2.69508e-05 0.813365 3.76806e-05
10.9585 -9.69672 4.95184 -0.395434 -0.0734772 0.900143 -0.167259
11.0044 -9.65685 4.93535 -0.19404 -0.0676262 0.924143 -0.32208
11.0235 -9.6077 4.896 3.08104e-17 -3.08133e-17 0.90085 -0.43413
11.0649 -9.60885 4.84043 0.19404 0.0676262 0.924143 -0.32208
11.0905 -9.64593 4.77804 0.395434 0.0734772 0.900143 -0.167259
11.079 -9.7 4.71935 0.581753 -2.69508e-05 0.813365 3.76806e-05
11.0094 -9.5855 4.71935 0.497105 0.302198 0.695016 -0.422511
11.0179 -9.56568 4.77804 0.342625 0.210654 0.779931 -0.479521
10.9833 -9.55719 4.84043 -0.160969 -0.127725 -0.766637 0.608311
10.9587 -9.58232 4.896 0 0 -0.732721 0.680529
10.9658 -9.63239 4.93535 0.160969 0.127725 -0.766637 0.608311
10.9541 -9.69186 4.95184 -0.342625 -0.210654 0.779931 -0.479521
10.9257 -9.7468 4.94269 -0.497105 -0.302198 0.695016 -0.422511
10.9804 -9.7431 4.94269 0.267769 0.516465 -0.374376 0.722084
10.9476 -9.6912 4.95184 0.244053 0.319696 -0.555548 0.727736
10.9203 -9.63723 4.93535 0.109959 0.173591 -0.523696 0.826752
10.8909 -9.59789 4.896 0 0 -0.499395 0.866374
10.8873 -9.56742 4.84043 -0.109959 -0.173591 -0.523696 0.826752
10.9103 -9.5548 4.77804 -0.244053 -0.319696 -0.555548 0.727736
10.8757 -9.59459 4.71935 -0.267769 -0.516465 -0.374376 0.722084
10.8232 -9.6189 4.77804 -0.112885 -0.386037 -0.256964 0.878751
10.8185 -9.6351 4.84043 -0.0466951 -0.200111 -0.222392 0.953057
10.8436 -9.649 4.896 0 0 -0.221632 0.97513
10.8877 -9.66927 4.93535 0.0466951 0.200111 -0.222392 0.953057
10.9423 -9.69509 4.95184 0.112885 0.386037 -0.256964 0.878751
