10.9423 -8.00491 4.95184 -0.112849 0.386047 0.256882 0.878774
10.9423 -7.80491 4.95184 -0.112849 0.386047 0.256882 0.878774
10.8877 -8.03071 4.93535 -0.0466766 0.200115 0.222304 0.953077
10.8877 -7.83071 4.93535 -0.0466766 0.200115 0.222304 0.953077
10.8436 -8.05098 4.896 0 0 0.221542 0.975151
10.8436 -7.85098 4.896 0 0 0.221542 0.975151
10.8185 -8.06488 4.84043 0.0466766 -0.200115 0.222304 0.953077
10.8185 -7.86488 4.84043 0.0466766 -0.200115 0.222304 0.953077
10.8232 -8.08107 4.77804 0.112849 -0.386047 0.256882 0.878774
10.8232 -7.88107 4.77804 0.112849 -0.386047 0.256882 0.878774
10.8757 -8.10539 4.71935 0.267721 -0.51649 0.374309 0.722119
10.8757 -7.90539 4.71935 0.267721 -0.51649 0.374309 0.722119
10.9103 -8.14519 4.77804 0.244024 -0.319718 0.555481 0.727787
10.9103 -7.94519 4.77804 0.244024 -0.319718 0.555481 0.727787
10.8873 -8.13257 4.84043 0.109943 -0.173601 0.523619 0.8268
10.8873 -7.93257 4.84043 0.109943 -0.173601 0.523619 0.8268
10.8908 -8.1021 4.896 -1.60189e-17 -1.60174e-17 0.499315 0.866421
10.8908 -7.9021 4.896 -1.60189e-17 -1.60174e-17 0.499315 0.866421
10.9203 -8.06276 4.93535 -0.109943 0.173601 0.523619 0.8268
10.9203 -7.86276 4.93535 -0.109943 0.173601 0.523619 0.8268
10.9476 -8.0088 4.95184 -0.244024 0.319718 0.555481 0.727787
10.9476 -7.8088 4.95184 -0.244024 0.319718 0.555481 0.727787
10.9804 -7.95692 4.94269 -0.267721 0.51649 0.374309 0.722119
10.9804 -7.75692 4.94269 -0.267721 0.51649 0.374309 0.722119
10.9257 -7.95319 4.94269 -0.497077 0.302244 0.694977 0.422576
10.9257 -7.75319 4.94269 -0.497077 0.302244 0.694977 0.422576
10.9541 -8.00814 4.95184 -0.342606 0.210686 0.779887 0.479593
10.9541 -7.80814 4.95184 -0.342606 0.210686 0.779887 0.479593
10.9658 -8.06761 4.93535 -0.160957 0.12774 0.766581 0.608382
10.9658 -7.86761 4.93535 -0.160957 0.12774 0.766581 0.608382
10.9587 -8.11768 4.896 5.35266e-17 -2.80409e-17 0.732658 0.680597
10.9587 -7.91768 4.896 5.35266e-17 -2.80409e-17 0.732658 0.680597
10.9833 -8.14281 4.84043 0.160957 -0.12774 0.766581 0.608382
10.9833 -7.94281 4.84043 0.160957 -0.12774 0.766581 0.608382
11.0179 -8.13433 4.77804 0.342606 -0.210686 0.779887 0.479593
11.0179 -7.93433 4.77804 0.342606 -0.210686 0.779887 0.479593
11.0094 -8.11451 4.71935 0.497077 -0.302244 0.694977 0.422576
11.0094 -7.91451 4.71935 0.497077 -0.302244 0.694977 0.422576
11.0905 -8.0541 4.77804 0.395428 -0.0735139 0.900127 0.167343
11.0905 -7.8541 4.77804 0.395428 -0.0735139 0.900127 0.167343
11.0649 -8.09117 4.84043 0.194033 -0.0676442 0.924113 0.322165
11.0649 -7.89117 4.84043 0.194033 -0.0676442 0.924113 0.322165
11.0235 -8.09231 4.896 9.24325e-17 -1.54087e-17 0.90081 0.434213
11.0235 -7.89231 4.896 9.24325e-17 -1.54087e-17 0.90081 0.434213
11.0044 -8.04316 4.93535 -0.194033 0.0676442 0.924113 0.322165
11.0044 -7.84316 4.93535 -0.194033 0.0676442 0.924113 0.322165
10.9585 -8.00328 4.95184 -0.395428 0.0735139 0.900127 0.167343
10.9585 -7.80328 4.95184 -0.395428 0.0735139 0.900127 0.167343
11.0194 -8.00001 4.93535 -0.205487 9.51953e-06 0.97866 4.53382e-05
11.0194 -7.80001 4.93535 -0.205487 9.51953e-06 0.97866 4.53382e-05
11.0627 -8.03482 4.896 2.80697e-17 -2.80723e-17 0.988808 0.149193
11.0627 -7.83482 4.896 2.80697e-17 -2.80723e-17 0.988808 0.149193
11.0966 -8.00001 4.84043 0.205487 -9.51953e-06 0.97866 4.53382e-05
11.0966 -7.80001 4.84043 0.205487 -9.51953e-06 0.97866 4.53382e-05
11.0628 -7.96521 4.896 1.40347e-17 -1.4036e-17 0.988822 -0.149102
11.0628 -7.76521 4.896 1.40347e-17 -1.4036e-17 0.988822 -0.149102
10.8973 -8 4.94269 -0.581753 2.69508e-05 0.813365 3.76806e-05
10.8973 -7.8 4.94269 -0.581753 2.69508e-05 0.813365 3.76806e-05
10.9585 -7.99672 4.95184 -0.395434 -0.0734772 0.900143 -0.167259
10.9585 -7.79672 4.95184 -0.395434 -0.0734772 0.900143 -0.167259
11.0044 -7.95685 4.93535 -0.19404 -0.0676262 0.924143 -0.32208
11.0044 -7.75685 4.93535 -0.19404 -0.0676262 0.924143 -0.32208
11.0235 -7.9077 4.896 3.08104e-17 -3.08133e-17 0.90085 -0.43413
11.0235 -7.7077 4.896 3.08104e-17 -3.08133e-17 0.90085 -0.43413
11.0649 -7.90885 4.84043 0.19404 0.0676262 0.924143 -0.32208
11.0649 -7.70885 4.84043 0.19404 0.0676262 0.924143 -0.32208
11.0905 -7.94593 4.77804 0.395434 0.0734772 0.900143 -0.167259
11.0905 -7.74593 4.77804 0.395434 0.0734772 0.900143 -0.167259
11.079 -8.00001 4.71935 0.581753 -2.69508e-05 0.813365 3.76806e-05
11.079 -7.80001 4.71935 0.581753 -2.69508e-05 0.813365 3.76806e-05
11.0094 -7.8855 4.71935 0.497105 0.302198 0.695016 -0.422511
11.0094 -7.6855 4.71935 0.497105 0.302198 0.695016 -0.422511
11.0179 -7.86568 4.77804 0.342625 0.210654 0.779931 -0.479521
11.0179 -7.66568 4.77804 0.342625 0.210654 0.779931 -0.479521
10.9833 -7.85719 4.84043 -0.160969 -0.127725 -0.766637 0.608311
10.9833 -7.65719 4.84043 -0.160969 -0.127725 -0.766637 0.608311
10.9587 -7.88232 4.896 0 0 -0.732721 0.680529
10.9587 -7.68232 4.896 0 0 -0.732721 0.680529
10.9658 -7.93239 4.93535 0.160969 0.127725 -0.766637 0.608311
10.9658 -7.73239 4.93535 0.160969 0.127725 -0.766637 0.608311
10.9541 -7.99186 4.95184 -0.342625 -0.210654 0.779931 -0.479521
10.9541 -7.79186 4.95184 -0.342625 -0.210654 0.779931 -0.479521
10.9257 -8.0468 4.94269 -0.497105 -0.302198 0.695016 -0.422511
10.9257 -7.8468 4.94269 -0.497105 -0.302198 0.695016 -0.422511
10.9804 -8.04309 4.94269 0.267769 0.516465 -0.374376 0.722084
10.9804 -7.84309 4.94269 0.267769 0.516465 -0.374376 0.722084
10.9476 -7.9912 4.95184 0.244053 0.319696 -0.555548 0.727736
10.9476 -7.7912 4.95184 0.244053 0.319696 -0.555548 0.727736
10.9203 -7.93723 4.93535 0.109959 0.173591 -0.523696 0.826752
10.9203 -7.73723 4.93535 0.109959 0.173591 -0.523696 0.826752
10.8909 -7.89789 4.896 0 0 -0.499395 0.866374
10.8909 -7.69789 4.896 0 0 -0.499395 0.866374
10.8873 -7.86742 4.84043 -0.109959 -0.173591 -0.523696 0.826752
10.8873 -7.66742 4.84043 -0.109959 -0.173591 -0.523696 0.826752
10.9103 -7.8548 4.77804 -0.244053 -0.319696 -0.555548 0.727736
10.9103 -7.6548 4.77804 -0.244053 -0.319696 -0.555548 0.727736
10.8757 -7.89459 4.71935 -0.267769 -0.516465 -0.374376 0.722084
10.8757 -7.69459 4.71935 -0.267769 -0.516465 -0.374376 0.722084
10.8232 -7.9189 4.77804 -0.112885 -0.386037 -0.256964 0.878751
10.8232 -7.7189 4.77804 -0.112885 -0.386037 -0.256964 0.878751
10.8185 -7.9351 4.84043 -0.0466951 -0.200111 -0.222392 0.953057
10.8185 -7.7351 4.84043 -0.0466951 -0.200111 -0.222392 0.953057
10.8436 -7.949 4.896 0 0 -0.221632 0.97513
10.8436 -7.749 4.896 0 0 -0.221632 0.97513
10.8877 -7.96927 4.93535 0.0466951 0.200111 -0.222392 0.953057
10.8877 -7.76927 4.93535 0.0466951 0.200111 -0.222392 0.953057
10.9423 -7.99509 4.95184 0.112885 0.386037 -0.256964 0.878751
10.9423 -7.79509 4.95184 0.112885 0.386037 -0.256964 0.878751
