10.9423 -9.00491 4.95184 -0.112849 0.386047 0.256882 0.878774
10.9423 -8.80491 4.95184 -0.112849 0.386047 0.256882 0.878774
10.8877 -9.03071 4.93535 -0.0466766 0.200115 0.222304 0.953077
10.8877 -8.83071 4.93535 -0.0466766 0.200115 0.222304 0.953077
10.8436 -9.05098 4.896 0 0 0.221542 0.975151
10.8436 -8.85098 4.896 0 0 0.221542 0.975151
10.8185 -9.06488 4.84043 0.0466766 -0.200115 0.222304 0.953077
10.8185 -8.86488 4.84043 0.0466766 -0.200115 0.222304 0.953077
10.8232 -9.08107 4.77804 0.112849 -0.386047 0.256882 0.878774
10.8232 -8.88107 4.77804 0.112849 -0.386047 0.256882 0.878774
10.8757 -9.10539 4.71935 0.267721 -0.51649 0.374309 0.722119
10.8757 -8.90539 4.71935 0.267721 -0.51649 0.374309 0.722119
10.9103 -9.14519 4.77804 0.244024 -0.319718 0.555481 0.727787
10.9103 -8.94519 4.77804 0.244024 -0.319718 0.555481 0.727787
10.8873 -9.13257 4.84043 0.109943 -0.173601 0.523619 0.8268
10.8873 -8.93257 4.84043 0.109943 -0.173601 0.523619 0.8268
10.8908 -9.1021 4.896 -1.60189e-17 -1.60174e-17 0.499315 0.866421
10.8908 -8.9021 4.896 -1.60189e-17 -1.60174e-17 0.499315 0.866421
10.9203 -9.06276 4.93535 -0.109943 0.173601 0.523619 0.8268
10.9203 -8.86276 4.93535 -0.109943 0.173601 0.523619 0.8268
10.9476 -9.0088 4.95184 -0.244024 0.319718 0.555481 0.727787
10.9476 -8.8088 4.95184 -0.244024 0.319718 0.555481 0.727787
10.9804 -8.95692 4.94269 -0.267721 0.51649 0.374309 0.722119
10.9804 -8.75692 4.94269 -0.267721 0.51649 0.374309 0.722119
10.9257 -8.95319 4.94269 -0.497077 0.302244 0.694977 0.422576
10.9257 -8.75319 4.94269 -0.497077 0.302244 0.694977 0.422576
10.9541 -9.00814 4.95184 -0.342606 0.210686 0.779887 0.479593
10.9541 -8.80814 4.95184 -0.342606 0.210686 0.779887 0.479593
10.9658 -9.06761 4.93535 -0.160957 0.12774 0.766581 0.608382
10.9658 -8.86761 4.93535 -0.160957 0.12774 0.766581 0.608382
10.9587 -9.11768 4.896 5.35266e-17 -2.80409e-17 0.732658 0.680597
10.9587 -8.91768 4.896 5.35266e-17 -2.80409e-17 0.732658 0.680597
10.9833 -9.14281 4.84043 0.160957 -0.12774 0.766581 0.608382
10.9833 -8.94281 4.84043 0.160957 -0.12774 0.766581 0.608382
11.0179 -9.13433 4.77804 0.342606 -0.210686 0.779887 0.479593
11.0179 -8.93433 4.77804 0.342606 -0.210686 0.779887 0.479593
11.0094 -9.11451 4.71935 0.497077 -0.302244 0.694977 0.422576
11.0094 -8.91451 4.71935 0.497077 -0.302244 0.694977 0.422576
11.0905 -9.0541 4.77804 0.395428 -0.0735139 0.900127 0.167343
11.0905 -8.8541 4.77804 0.395428 -0.0735139 0.900127 0.167343
11.0649 -9.09117 4.84043 0.194033 -0.0676442 0.924113 0.322165
11.0649 -8.89117 4.84043 0.194033 -0.0676442 0.924113 0.322165
11.0235 -9.09231 4.896 9.24325e-17 -1.54087e-17 0.90081 0.434213
11.0235 -8.89231 4.896 9.24325e-17 -1.54087e-17 0.90081 0.434213
11.0044 -9.04316 4.93535 -0.194033 0.0676442 0.924113 0.322165
11.0044 -8.84316 4.93535 -0.194033 0.0676442 0.924113 0.322165
10.9585 -9.00328 4.95184 -0.395428 0.0735139 0.900127 0.167343
10.9585 -8.80328 4.95184 -0.395428 0.0735139 0.900127 0.167343
11.0194 -9.00001 4.93535 -0.205487 9.51953e-06 0.97866 4.53382e-05
11.0194 -8.80001 4.93535 -0.205487 9.51953e-06 0.97866 4.53382e-05
11.0627 -9.03482 4.896 2.80697e-17 -2.80723e-17 0.988808 0.149193
11.0627 -8.83482 4.896 2.80697e-17 -2.80723e-17 0.988808 0.149193
11.0966 -9.00001 4.84043 0.205487 -9.51953e-06 0.97866 4.53382e-05
11.0966 -8.80001 4.84043 0.205487 -9.51953e-06 0.97866 4.53382e-05
11.0628 -8.96521 4.896 1.40347e-17 -1.4036e-17 0.988822 -0.149102
11.0628 -8.76521 4.896 1.40347e-17 -1.4036e-17 0.988822 -0.149102
10.8973 -9 4.94269 -0.581753 2.69508e-05 0.813365 3.76806e-05
10.8973 -8.8 4.94269 -0.581753 2.69508e-05 0.813365 3.76806e-05
10.9585 -8.99672 4.95184 -0.395434 -0.0734772 0.900143 -0.167259
10.9585 -8.79672 4.95184 -0.395434 -0.0734772 0.900143 -0.167259
11.0044 -8.95685 4.93535 -0.19404 -0.0676262 0.924143 -0.32208
11.0044 -8.75685 4.93535 -0.19404 -0.0676262 0.924143 -0.32208
11.0235 -8.9077 4.896 3.08104e-17 -3.08133e-17 0.90085 -0.43413
11.0235 -8.7077 4.896 3.08104e-17 -3.08133e-17 0.90085 -0.43413
11.0649 -8.90885 4.84043 0.19404 0.0676262 0.924143 -0.32208
11.0649 -8.70885 4.84043 0.19404 0.0676262 0.924143 -0.32208
11.0905 -8.94593 4.77804 0.395434 0.0734772 0.900143 -0.167259
11.0905 -8.74593 4.77804 0.395434 0.0734772 0.900143 -0.167259
11.079 -9.00001 4.71935 0.581753 -2.69508e-05 0.813365 3.76806e-05
11.079 -8.80001 4.71935 0.581753 -2.69508e-05 0.813365 3.76806e-05
11.0094 -8.8855 4.71935 0.497105 0.302198 0.695016 -0.422511
11.0094 -8.6855 4.71935 0.497105 0.302198 0.695016 -0.422511
11.0179 -8.86568 4.77804 0.342625 0.210654 0.779931 -0.479521
11.0179 -8.66568 4.77804 0.342625 0.210654 0.779931 -0.479521
10.9833 -8.85719 4.84043 -0.160969 -0.127725 -0.766637 0.608311
10.9833 -8.65719 4.84043 -0.160969 -0.127725 -0.766637 0.608311
10.9587 -8.88232 4.896 0 0 -0.732721 0.680529
10.9587 -8.68232 4.896 0 0 -0.732721 0.680529
10.9658 -8.93239 4.93535 0.160969 0.127725 -0.766637 0.608311
10.9658 -8.73239 4.93535 0.160969 0.127725 -0.766637 0.608311
10.9541 -8.99186 4.95184 -0.342625 -0.210654 0.779931 -0.479521
10.9541 -8.79186 4.95184 -0.342625 -0.210654 0.779931 -0.479521
10.9257 -9.0468 4.94269 -0.497105 -0.302198 0.695016 -0.422511
10.9257 -8.8468 4.94269 -0.497105 -0.302198 0.695016 -0.422511
10.9804 -9.04309 4.94269 0.267769 0.516465 -0.374376 0.722084
10.9804 -8.84309 4.94269 0.267769 0.516465 -0.374376 0.722084
10.9476 -8.9912 4.95184 0.244053 0.319696 -0.555548 0.727736
10.9476 -8.7912 4.95184 0.244053 0.319696 -0.555548 0.727736
10.9203 -8.93723 4.93535 0.109959 0.173591 -0.523696 0.826752
10.9203 -8.73723 4.93535 0.109959 0.173591 -0.523696 0.826752
10.8909 -8.89789 4.896 0 0 -0.499395 0.866374
10.8909 -8.69789 4.896 0 0 -0.499395 0.866374
10.8873 -8.86742 4.84043 -0.109959 -0.173591 -0.523696 0.826752
10.8873 -8.66742 4.84043 -0.109959 -0.173591 -0.523696 0.826752
10.9103 -8.8548 4.77804 -0.244053 -0.319696 -0.555548 0.727736
10.9103 -8.6548 4.77804 -0.244053 -0.319696 -0.555548 0.727736
10.8757 -8.89459 4.71935 -0.267769 -0.516465 -0.374376 0.722084
10.8757 -8.69459 4.71935 -0.267769 -0.516465 -0.374376 0.722084
10.8232 -8.9189 4.77804 -0.112885 -0.386037 -0.256964 0.878751
10.8232 -8.7189 4.77804 -0.112885 -0.386037 -0.256964 0.878751
10.8185 -8.9351 4.84043 -0.0466951 -0.200111 -0.222392 0.953057
10.8185 -8.7351 4.84043 -0.0466951 -0.200111 -0.222392 0.953057
10.8436 -8.949 4.896 0 0 -0.221632 0.97513
10.8436 -8.749 4.896 0 0 -0.221632 0.97513
10.8877 -8.96927 4.93535 0.0466951 0.200111 -0.222392 0.953057
10.8877 -8.76927 4.93535 0.0466951 0.200111 -0.222392 0.953057
10.9423 -8.99509 4.95184 0.112885 0.386037 -0.256964 0.878751
10.9423 -8.79509 4.95184 0.112885 0.386037 -0.256964 0.878751
