139,110,192,110,192,144,139,144
 Po
425,133,469,133,469,162,425,162
 CS
693,160,741,160,741,181,693,181
 BRIC
743,162,782,162,782,183,743,183
 LED
785,162,853,168,851,190,783,184
 Facility
718,223,745,223,745,233,718,233
 1029
745,223,803,223,803,235,745,235
 M-0000-00
135,235,167,235,167,254,135,254
 P/N
135,258,162,258,162,273,135,273
 S/N
204,319,229,319,229,354,204,354
 F2
764,352,841,352,841,382,764,382
 POWER
322,434,377,430,379,449,323,453
 Jumper
784,432,820,432,820,457,784,457
 ON
285,436,321,436,321,455,285,455
 MTL
313,495,385,489,387,509,315,514
 10424451-2
288,498,315,498,315,515,288,515
 P/N
171,526,204,526,204,540,171,540
 WAT
759,619,839,619,839,649,759,649
 CLOSED
501,647,532,647,532,661,501,661
 (24")
461,649,498,649,498,663,461,663
 Cable
323,657,379,657,379,672,323,672
 XPRESS
768,747,826,747,826,774,768,774
 OPEN
776,795,816,795,816,822,776,822
 CB
