171,25,204,25,204,39,171,39
 WAT
760,118,840,122,838,150,758,147
 CLOSED
501,146,532,146,532,160,501,160
 (24")
461,148,498,148,498,162,461,162
 Cable
325,156,379,156,379,171,325,171
 XPRESS
768,246,826,246,826,273,768,273
 OPEN
776,294,816,294,816,321,776,321
 CB
841,646,904,649,903,665,840,663
 VACUUM
492,649,599,649,599,672,492,672
 OOLANT
847,662,898,664,897,681,846,678
 WASTE
1194,667,1313,667,1313,690,1194,690
 NITROGEN
507,674,565,674,565,693,507,693
 WATER
853,678,887,678,887,695,853,695
 GAS
250,830,317,830,317,849,250,849
 SUPPLY
425,891,511,891,511,914,425,914
 APTOP
1089,903,1189,903,1189,931,1089,931
 LOCKER
277,924,296,924,296,937,277,937
 J4
421,922,475,922,475,941,421,941
 OWER
488,928,507,928,507,941,488,941
 J6
1283,943,1319,943,1319,958,1283,958
 POW
