0.657685 0.00491362 4.95184 -0.386042 -0.112867 0.878762 -0.256923
0.712256 0.0307206 4.93535 -0.200113 -0.0466859 0.953067 -0.222348
0.756412 0.0509946 4.896 0 0 0.975141 -0.221587
0.781507 0.0648926 4.84043 0.200113 0.0466859 0.953067 -0.222348
0.776817 0.0810861 4.77804 0.386042 0.112867 0.878762 -0.256923
0.724338 0.105401 4.71935 0.516478 0.267745 0.722102 -0.374342
0.689693 0.145197 4.77804 -0.319707 -0.244038 -0.727761 0.555514
0.712675 0.132578 4.84043 -0.173596 -0.109951 -0.826776 0.523657
0.709152 0.102103 4.896 1.60178e-17 -1.60178e-17 0.866398 -0.499355
0.679671 0.0627636 4.93535 0.173596 0.109951 -0.826776 0.523657
0.652405 0.00879856 4.95184 0.319707 0.244038 -0.727761 0.555514
0.619614 -0.0430836 4.94269 -0.516478 -0.267745 0.722102 -0.374342
0.674264 -0.0468057 4.94269 0.302221 0.497091 -0.422544 0.694996
0.645884 0.00813976 4.95184 0.21067 0.342615 -0.479557 0.779909
0.634227 0.067608 4.93535 0.127733 0.160963 -0.608347 0.766609
0.641307 0.117679 4.896 -2.60437e-17 -4.97198e-17 -0.680563 0.73269
0.616682 0.142811 4.84043 -0.127733 -0.160963 -0.608347 0.766609
0.58207 0.134325 4.77804 -0.21067 -0.342615 -0.479557 0.779909
0.590639 0.114507 4.71935 -0.302221 -0.497091 -0.422544 0.694996
0.509528 0.0540852 4.77804 -0.0734955 -0.395431 -0.167301 0.900135
0.535128 0.0911572 4.84043 -0.0676352 -0.194037 -0.322122 0.924128
0.576487 0.0923031 4.896 -1.54056e-17 -9.24333e-17 -0.434171 0.90083
0.595619 0.0431545 4.93535 0.0676352 0.194037 -0.322122 0.924128
0.641488 0.00327743 4.95184 0.0734955 0.395431 -0.167301 0.900135
0.580577 2.62013e-17 4.93535 -1.41804e-17 0.205487 -1.13443e-16 0.97866
0.53725 0.0348051 4.896 -2.80695e-17 -2.80695e-17 -0.149147 0.988815
0.503354 1.96509e-17 4.84043 2.83608e-17 -0.205487 -9.92628e-17 0.97866
0.53725 -0.0348051 4.896 -1.40348e-17 -1.40348e-17 0.149147 0.988815
0.702721 0 4.94269 0 0.581753 0 0.813365
0.641488 -0.00327743 4.95184 -0.0734955 0.395431 0.167301 0.900135
0.595619 -0.0431545 4.93535 -0.0676352 0.194037 0.322122 0.924128
0.576487 -0.0923031 4.896 -3.08111e-17 -3.08111e-17 0.434171 0.90083
0.535128 -0.0911572 4.84043 0.0676352 -0.194037 0.322122 0.924128
0.509528 -0.0540852 4.77804 0.0734955 -0.395431 0.167301 0.900135
0.521021 0 4.71935 0 -0.581753 0 0.813365
0.590639 -0.114507 4.71935 0.302221 -0.497091 0.422544 0.694996
0.58207 -0.134325 4.77804 0.21067 -0.342615 0.479557 0.779909
0.616682 -0.142811 4.84043 0.127733 -0.160963 0.608347 0.766609
0.641307 -0.117679 4.896 0 0 0.680563 0.73269
0.634227 -0.067608 4.93535 -0.127733 0.160963 0.608347 0.766609
0.645884 -0.00813976 4.95184 -0.21067 0.342615 0.479557 0.779909
0.674264 0.0468057 4.94269 -0.302221 0.497091 0.422544 0.694996
0.619614 0.0430836 4.94269 -0.516478 0.267745 0.722102 0.374342
0.652405 -0.00879856 4.95184 -0.319707 0.244038 0.727761 0.555514
0.679671 -0.0627636 4.93535 -0.173596 0.109951 0.826776 0.523657
0.709152 -0.102103 4.896 0 0 0.866398 0.499355
0.712675 -0.132578 4.84043 0.173596 -0.109951 0.826776 0.523657
0.689693 -0.145197 4.77804 0.319707 -0.244038 0.727761 0.555514
0.724338 -0.105401 4.71935 0.516478 -0.267745 0.722102 0.374342
0.776817 -0.0810861 4.77804 0.386042 -0.112867 0.878762 0.256923
0.781507 -0.0648926 4.84043 0.200113 -0.0466859 0.953067 0.222348
0.756412 -0.0509946 4.896 0 0 0.975141 0.221587
0.712256 -0.0307206 4.93535 -0.200113 0.0466859 0.953067 0.222348
0.657685 -0.00491362 4.95184 -0.386042 0.112867 0.878762 0.256923
