885,37,954,37,954,56,885,56
 POWER
905,76,933,76,933,93,905,93
 ON
1138,84,1166,84,1166,99,1138,99
 ON
1020,256,1081,256,1081,283,1020,283
 LOC
1046,292,1078,292,1078,309,1046,309
 POV
193,333,206,333,206,345,193,345
 U
773,348,790,356,767,405,750,397
 (247)
741,409,761,420,736,470,715,460
 Cable
716,462,736,472,709,525,690,515
 Oate
689,517,707,527,677,581,659,571
 Rack
716,571,736,582,683,685,663,674
 683-44267-1
714,619,734,629,702,692,683,682
 000007
664,672,683,682,665,718,645,709
 PIN
671,686,697,686,697,720,671,720
 SN
963,712,1020,712,1020,729,963,729
 THERM
967,733,1001,733,1001,759,967,759
 J3
