453,174,493,174,493,193,453,193
 OUT
491,176,521,176,521,191,491,191
 767
472,195,513,195,513,219,472,219
 06
903,315,924,315,924,333,903,333
 2
905,335,927,330,949,433,927,437
 683-44036
936,353,957,350,970,424,949,428
 001001
976,399,988,399,988,420,976,420
 3
954,427,975,427,975,465,954,465
 S/N
927,438,948,434,954,474,933,478
 P/N
288,939,328,939,328,960,288,960
 MSG
332,941,386,948,383,968,329,961
 Front
387,946,439,957,435,977,382,966
 Stray
279,961,330,961,330,980,279,980
 Light
332,962,389,967,387,987,330,982
 Cover
