255,67,315,67,315,91,255,91
 ARIS
318,69,375,69,375,93,318,93
 1553
652,90,727,90,727,114,652,114
 MOKE
279,91,348,91,348,116,279,116
 PORT
825,104,911,107,911,126,824,123
 LAB1P2F2
660,114,751,114,751,138,660,138
 CATION
459,318,562,318,562,343,459,343
 LOCKER
90,346,125,346,125,360,90,360
 POW
127,346,148,346,148,360,127,360
 CH
710,356,772,356,772,373,710,373
 POWER
631,508,669,508,669,536,631,536
 J2
1057,984,1132,984,1132,1005,1057,1005
 ZBOOK
1065,1029,1108,1029,1108,1053,1065,1053
 PM
1066,1051,1113,1051,1113,1078,1066,1078
 S/N
