347,28,447,32,446,57,346,54
 LAPTOI
896,50,1005,50,1005,75,896,75
 OOLANT
911,76,969,76,969,93,911,93
 WATER
654,234,720,234,720,251,654,251
 SUPPLY
183,277,245,277,245,301,183,301
 KER
262,279,279,279,279,298,262,298
 4
813,292,916,292,916,316,813,316
 LAPTOP
155,313,180,313,180,326,155,326
 PO
680,326,701,326,701,339,680,339
 JA
825,324,879,324,879,343,825,343
 OWER
890,328,911,328,911,345,890,345
 J6
579,388,603,388,603,433,579,433
 M5
1031,1044,1065,1044,1065,1061,1031,1061
 P/N
