607,20,633,20,633,54,607,54
 F2
196,125,241,125,241,138,196,138
 RMAL
726,135,781,131,783,151,727,154
 Jumper
690,136,725,136,725,155,690,155
 MTL
166,140,202,140,202,166,166,166
 J5
718,196,790,191,792,209,720,214
 10424451-2
690,198,720,198,720,215,690,215
 P/N
573,225,611,225,611,241,573,241
 WATE
903,346,935,346,935,363,903,363
 (24")
864,350,903,350,903,363,864,363
 Cable
785,356,862,352,863,366,785,370
 RackPower
720,358,783,358,783,373,720,373
 EXPRESS
125,369,159,369,159,393,125,393
 J1
346,382,378,382,378,405,346,405
 J2
346,829,446,831,446,857,346,854
 LAPTOI
894,851,1005,851,1005,875,894,875
 OOLANT
911,877,969,877,969,894,911,894
 WATER
654,1033,720,1033,720,1050,654,1050
 SUPPLY
183,1078,245,1078,245,1100,183,1100
 KER
811,1093,916,1093,916,1117,811,1117
 LAPTOP
153,1110,181,1110,181,1126,153,1126
 PO
682,1126,701,1126,701,1140,682,1140
 J4
825,1125,879,1125,879,1143,825,1143
 OWER
888,1128,911,1128,911,1143,888,1143
 J6
