718,16,746,16,746,39,718,39
 'S
84,37,153,37,153,56,84,56
 POWER
316,45,386,45,386,63,316,63
 POWER
787,58,840,58,840,76,787,76
 SAMS
853,60,873,60,873,76,853,76
 J7
105,76,133,76,133,93,105,93
 ON
337,84,367,84,367,99,337,99
 ON
219,256,281,256,281,283,219,283
 LOC
984,277,1081,277,1081,301,984,301
 KER-4
245,291,280,294,278,312,244,309
 POV
952,311,980,311,980,326,952,326
 PO
163,712,221,712,221,729,163,729
 THERM
168,733,200,733,200,759,168,759
 J3
453,975,491,975,491,991,453,991
 OUT
493,975,521,975,521,991,493,991
 767
455,993,513,993,513,1020,455,1020
 506
