969,123,1040,123,1040,138,969,138
 IMERMAL
785,143,848,120,853,134,790,158
 THERMAL
967,140,1001,140,1001,166,967,166
 J5
566,313,633,313,633,333,566,333
 TRUME
667,314,751,319,749,343,666,339
 POWER
622,361,654,361,654,382,622,382
 ON
926,369,958,369,958,393,926,393
 J1
1143,382,1181,382,1181,406,1143,406
 J2
575,577,615,577,615,590,575,590
 1036
631,687,708,618,723,634,646,703
 PINFO-202
524,801,565,772,578,790,537,819
 NFO
243,802,345,802,345,828,243,828
 DRAWER
358,806,375,806,375,828,358,828
 2
716,815,744,815,744,836,716,836
 'S
84,838,153,838,153,855,84,855
 POWER
316,845,386,845,386,862,316,862
 POWER
787,858,841,858,841,875,787,875
 SAMS
853,860,873,860,873,877,853,877
 J7
105,877,133,877,133,892,105,892
 ON
337,883,367,883,367,900,337,900
 ON
219,1057,281,1057,281,1083,219,1083
 LOC
984,1076,1044,1076,1044,1100,984,1100
 KER
245,1093,277,1093,277,1110,245,1110
 PO
952,1110,980,1110,980,1126,952,1126
 PO
