236,609,288,609,288,645,236,645
 re
543,609,594,609,594,645,543,645
 Po
830,635,873,635,873,663,830,663
 CS
1096,661,1145,661,1145,682,1096,682
 BRIC
538,736,570,736,570,755,538,755
 P/N
540,761,564,761,564,774,540,774
 S/N
178,922,240,926,239,940,177,936
 HERMAL
726,935,781,932,782,951,727,954
 Jumper
690,937,725,937,725,956,690,956
 MTL
166,941,202,941,202,967,166,967
 J5
718,997,790,990,792,1009,720,1016
 10424451-2
690,999,720,999,720,1014,690,1014
 P/N
573,1025,613,1025,613,1042,573,1042
 WATE
905,1149,935,1149,935,1162,905,1162
 (24')
864,1151,903,1151,903,1164,864,1164
 Cable
785,1156,819,1156,819,1170,785,1170
 Rack
718,1158,783,1158,783,1173,718,1173
 EXPRESS
