# Calibration survey
11 -10.0 4.4 0.0 30.0 180.0
11 -9.5 4.4 0.0 30.0 180.0
11 -9.0 4.4 0.0 30.0 180.0
11 -8.5 4.4 0.0 30.0 180.0
11 -8.0 4.4 0.0 30.0 180.0
11 -8.0 4.4 0.0 0.0 180.0
11 -8.5 4.4 0.0 0.0 180.0
11 -9.0 4.4 0.0 0.0 180.0
11 -9.5 4.4 0.0 0.0 180.0
11 -10.0 4.4 0.0 0.0 180.0
11 -10.0 4.9 0.0 0.0 180.0
11 -9.5 4.9 0.0 0.0 180.0
11 -9.0 4.9 0.0 0.0 180.0
11 -8.5 4.9 0.0 0.0 180.0
11 -8.0 4.9 0.0 0.0 180.0
11 -8.0 5.4 0.0 0.0 180.0
11 -8.5 5.4 0.0 0.0 180.0
11 -9.0 5.4 0.0 0.0 180.0
11 -9.5 5.4 0.0 0.0 180.0