10.916 -8.0176 4.94723 -0.073737 0.302644 0.224941 0.92324
10.8426 -8.04893 4.896 0 0 0.212172 0.977232
10.8151 -8.06989 4.80751 0.073737 -0.302644 0.224941 0.92324
10.8776 -8.10424 4.71611 0.2744 -0.524563 0.373565 0.714134
10.9191 -8.14875 4.80751 0.196571 -0.241641 0.599655 0.737146
10.9221 -8.11466 4.896 0 0 0.617936 0.786229
10.9422 -8.03747 4.94723 -0.196571 0.241641 0.599655 0.737146
10.9821 -7.95374 4.94131 -0.2744 0.524563 0.373565 0.714134
10.9079 -7.96262 4.94131 -0.553426 0.210194 0.753427 0.286156
10.9741 -8.02969 4.94723 -0.281299 0.133796 0.858125 0.408156
11.0229 -8.09278 4.896 0 0 0.899416 0.437093
11.0459 -8.11786 4.80751 0.281299 -0.133796 0.858125 0.408156
11.0449 -8.08424 4.71611 0.553426 -0.210194 0.753427 0.286156
11.1019 -8.00001 4.80751 0.311497 -1.44307e-05 0.950247 4.40219e-05
11.068 -8.00001 4.896 0 0 1 4.63268e-05
10.9883 -8 4.94723 -0.311497 1.44307e-05 0.950247 4.40219e-05
10.9079 -8.03738 4.94131 -0.553445 -0.210143 0.753454 -0.286086
10.9742 -7.97032 4.94723 -0.281311 -0.13377 0.858163 -0.408076
11.0229 -7.90724 4.896 0 0 0.899457 -0.43701
11.0459 -7.88215 4.80751 0.281311 0.13377 0.858163 -0.408076
11.0449 -7.91578 4.71611 0.553445 0.210143 0.753454 -0.286086
10.8776 -7.89575 4.71611 -0.274448 -0.524538 -0.373631 0.7141
10.9191 -7.85124 4.80751 -0.196593 -0.241623 -0.599723 0.73709
10.9221 -7.88534 4.896 3.53047e-17 -3.5308e-17 -0.618008 0.786171
10.9422 -7.96253 4.94723 0.196593 0.241623 -0.599723 0.73709
10.9821 -8.04626 4.94131 0.274448 0.524538 -0.373631 0.7141
10.916 -7.98239 4.94723 0.073765 0.302637 -0.225026 0.923219
10.8426 -7.95105 4.896 0 0 -0.212262 0.977213
10.8151 -7.93009 4.80751 -0.073765 -0.302637 -0.225026 0.923219
