140,90,244,93,244,122,139,118
 DRAWER
375,97,478,100,477,128,375,125
 DRAWER
492,104,507,104,507,125,492,125
 2
217,133,286,135,285,154,216,152
 POWER
448,141,517,141,517,160,448,160
 POWER
920,156,972,156,972,173,920,173
 SAMS
987,158,1006,158,1006,173,987,173
 J7
471,181,498,181,498,196,471,196
 ON
350,352,413,352,413,379,350,379
 LOC
1114,373,1175,373,1175,396,1114,396
 KER
377,390,404,390,404,407,377,407
 PO
1085,407,1112,407,1112,423,1085,423
 PO
105,445,123,454,98,503,80,494
 CB
72,508,93,519,68,568,47,558
 Cable
48,557,68,567,41,622,21,612
 Oats
46,716,66,726,35,789,15,779
 000007
294,807,352,807,352,826,294,826
 THERM
532,814,561,814,561,828,532,828
 ISS
300,830,329,830,329,853,300,853
 J3
