139,611,192,611,192,645,139,645
 Po
425,634,469,634,469,663,425,663
 CS
693,661,741,661,741,682,693,682
 BRIC
743,663,782,663,782,684,743,684
 LED
785,663,853,669,851,691,783,685
 Facility
718,724,745,724,745,734,718,734
 1029
745,724,803,724,803,736,745,736
 M-0000-00
135,736,167,736,167,755,135,755
 P/N
135,759,162,759,162,774,135,774
 S/N
764,853,841,853,841,883,764,883
 POWER
322,935,377,931,379,950,323,954
 Jumper
784,933,820,933,820,958,784,958
 ON
288,937,319,937,319,956,288,956
 MTL
