210,102,308,102,308,148,210,148
 not
491,102,555,106,552,147,489,143
 te
807,110,860,110,860,144,807,144
 Po
331,118,386,118,386,150,331,150
 re
1093,133,1137,133,1137,162,1093,162
 CS
803,235,835,235,835,254,803,254
 P/N
803,258,828,258,828,273,803,273
 S/N
872,319,897,319,897,354,872,354
 F2
459,423,505,423,505,438,459,438
 RMAL
249,443,314,418,319,432,254,457
 THERMAL
990,434,1045,430,1047,449,991,453
 Jumper
953,436,989,436,989,455,953,455
 MTL
432,438,465,438,465,465,432,465
 J5
981,495,1053,489,1055,509,983,514
 10424451-2
956,498,983,498,983,515,956,515
 P/N
839,526,872,526,872,540,839,540
 WAT
31,611,87,611,87,632,31,632
 TRUM
131,613,215,616,214,642,130,639
 POWER
1171,647,1198,647,1198,661,1171,661
 (24")
1129,649,1166,649,1166,663,1129,663
 Cable
991,657,1047,657,1047,672,991,672
 XPRESS
85,659,116,659,116,680,85,680
 ON
388,668,423,668,423,693,388,693
 J1
48,876,79,876,79,891,48,891
 Q36
