TRUM [[1364 1108]
 [1425 1138]]
PO [[1467 1114]
 [1497 1139]]
ON [[1420 1160]
 [1454 1182]]
DRAWER [[ 808 1595]
 [ 911 1623]]
DRAWER [[1042 1602]
 [1146 1630]]
2 [[1160 1609]
 [1175 1630]]
POWER [[ 883 1637]
 [ 953 1656]]
POWER [[1117 1644]
 [1187 1663]]
ON [[ 904 1677]
 [ 932 1693]]
ON [[1135 1682]
 [1167 1700]]
LOC [[1018 1855]
 [1082 1883]]
POV [[1046 1895]
 [1079 1909]]
Po [[ 189 1932]
 [ 206 1958]]
ColleCation [[ 688 1946]
 [ 794 2125]]
Rack [[ 657 2116]
 [ 710 2182]]
PM-683-44207-4 [[ 643 2169]
 [ 738 2321]]
THERM [[ 963 2311]
 [1021 2330]]
J3 [[ 967 2333]
 [1000 2359]]
DateCable [[ 688 2014]
 [ 760 2126]]
SIN00007 [[ 664 2218]
 [ 736 2327]]
ISS [[1196 2314]
 [1230 2332]]
OUT767 [[1253 2574]
 [1321 2592]]
506 [[1255 2592]
 [1314 2621]]
MSG [[1082 3339]
 [1129 3361]]
Front [[1127 3339]
 [1187 3371]]
Stray [[1181 3345]
 [1239 3378]]
Light [[1076 3357]
 [1132 3384]]
Cover [[1129 3361]
 [1192 3388]]
MOVE [[ 497 3449]
 [ 648 3489]]
01 [[ 407 3462]
 [ 478 3488]]
not [[1545  604]
 [1646  653]]
...te [[1781  607]
 [1889  649]]
Pov [[2143  611]
 [2208  646]]
CS [[2429  635]
 [2474  665]]
P/N [[2139  738]
 [2171  754]]
S/N [[2139  759]
 [2164  775]]
Jumper [[2324  931]
 [2383  955]]
MTL [[2289  937]
 [2325  956]]
J5 [[1766  939]
 [1803  967]]
10424451-2 [[2317  989]
 [2392 1016]]
P/N. [[2290  998]
 [2321 1016]]
WATE [[2171 1024]
 [2214 1042]]
POWER [[1465 1113]
 [1551 1142]]
J1 [[1726 1168]
 [1759 1194]]
J2 [[1942 1181]
 [1982 1207]]
1036 [[1375 1377]
 [1414 1392]]
P/N1042445 [[2291 1000]
 [2371 1016]]
PINFO-202 [[1431 1417]
 [1522 1503]]
LAPTOI [[1944 1630]
 [2047 1658]]
SUPPLY [[2253 1832]
 [2321 1850]]
KER-4 [[1782 1876]
 [1881 1900]]
LAPTOP [[2410 1890]
 [2517 1918]]
PO [[1754 1911]
 [1780 1928]]
-J4 [[2271 1925]
 [2302 1939]]
OWER [[2424 1923]
 [2481 1944]]
M5 [[2178 1986]
 [2203 2031]]
PIN-683-440362 [[1701 2711]
 [1757 2879]]
SN001001 [[1735 2749]
 [1779 2867]]
ALIGN, [[3336  268]
 [3442  312]]
BRIC [[2696  660]
 [2745  682]]
LED [[2747  663]
 [2787  684]]
Facility [[2786  663]
 [2857  692]]
IN1029-M-GOB0-00 [[2707  724]
 [2808  738]]
POWER [[2768  853]
 [2843  883]]
ON [[2787  930]
 [2825  958]]
CLOSED [[2764 1121]
 [2843 1152]]
(24") [[2506 1148]
 [2536 1162]]
PowerCable [[2421 1148]
 [2504 1169]]
EXPRESS [[2317 1155]
 [2385 1175]]
OPEN [[2773 1246]
 [2832 1276]]
CB [[2780 1295]
 [2820 1324]]
Cable(24") [[2464 1147]
 [2539 1164]]
TOI [[2000 1630]
 [2046 1658]]
VACUUM [[2845 1648]
 [2907 1667]]
OOLANT [[2496 1649]
 [2604 1677]]
WASTE [[2848 1663]
 [2900 1682]]
ARIS [[3454 1665]
 [3515 1693]]
NITROGEN [[3196 1667]
 [3319 1696]]
WATER [[2510 1677]
 [2569 1693]]
GAS [[2857 1682]
 [2890 1698]]
P [[3478 1691]
 [3497 1717]]
LOCKER [[3093 1904]
 [3194 1935]]
J6 [[2492 1930]
 [2510 1944]]
POW [[3288 1946]
 [3324 1960]]
strum [[2843 2496]
 [2944 2532]]
P/N1 [[2630 2642]
 [2677 2660]]
old [[2782 2956]
 [2914 3040]]
Atom [[2943 2955]
 [3196 3043]]
Lab [[3227 2952]
 [3409 3045]]
JIU [[2789 3000]
 [2911 3039]]
Atom [[2942 3000]
 [3204 3039]]
Lab [[3232 3000]
 [3408 3039]]
12A [[3997   -6]
 [4083   71]]
20 [[4117   18]
 [4166   63]]
VDC [[4148   33]
 [4238  114]]
INPUT [[4124   73]
 [4243  168]]
DATA [[3864  923]
 [3916  944]]
1553 [[3516 1666]
 [3575 1694]]
MOKE [[3853 1689]
 [3928 1714]]
PORT [[3478 1691]
 [3550 1717]]
LAB1P [[4024 1705]
 [4080 1724]]
CATION [[3859 1711]
 [3952 1739]]
LOCKER [[3658 1918]
 [3764 1944]]
POWER [[3911 1956]
 [3972 1975]]
ZBoos [[4255 2583]
 [4330 2604]]
20VR3125100-301 [[4306 2601]
 [4529 2677]]
PAN [[4262 2628]
 [4317 2679]]
MAL-LIGHT [[3298 2700]
 [3542 2838]]
Drinking [[3648 2688]
 [3786 2795]]
Water [[3769 2758]
 [3881 2844]]
VE [[4469 2834]
 [4497 2855]]
FIRMAWARE [[4360 2835]
 [4466 2866]]
61.1 [[4460 2888]
 [4497 2911]]
M70Ver [[4379 2892]
 [4458 2919]]
dy [[5089 3090]
 [5306 3283]]
ELC7 [[4599 3804]
 [4734 3877]]
