173,145,236,148,235,164,172,162
 VACUUM
179,162,229,162,229,179,179,179
 WASTE
782,164,843,164,843,189,782,189
 ARIS
526,167,645,167,645,189,526,189
 NITROGEN
845,167,901,167,901,189,845,189
 1553
185,177,219,177,219,194,185,194
 GAS
1179,187,1252,187,1252,208,1179,208
 MOKE
805,189,874,189,874,210,805,210
 PORT
1187,210,1277,210,1277,233,1187,233
 CATION
421,402,521,402,521,430,421,430
 LOCKER
985,415,1091,415,1091,442,985,442
 LOCKER
615,442,651,442,651,457,615,457
 POW
799,446,824,446,824,459,799,459
 DA
1242,454,1300,457,1300,473,1241,471
 POWER
