609,125,710,129,709,154,608,150
 LAPTOI
1160,148,1267,148,1267,171,1160,171
 OOLANT
252,156,304,156,304,173,252,173
 SAMS
319,158,338,158,338,173,319,173
 J7
1173,173,1233,173,1233,192,1173,192
 WATER
920,331,985,331,985,348,920,348
 SUPPLY
446,373,509,373,509,398,446,398
 KER
1077,388,1179,388,1179,413,1077,413
 LAPTOP
417,407,444,407,444,423,417,423
 PO
945,423,964,423,964,436,945,436
 J4
1089,421,1143,421,1143,440,1089,440
 OWER
1156,427,1175,427,1175,440,1156,440
 J6
843,484,868,484,868,530,843,530
 M5
