236,609,288,609,288,645,236,645
 re
543,609,609,609,609,645,543,645
 Pov
828,633,873,633,873,663,828,663
 CS
1096,661,1147,661,1147,684,1096,684
 BRIC
538,736,570,736,570,755,538,755
 P/N
538,759,564,759,564,774,538,774
 S/N
176,920,240,924,239,940,175,936
 HERMAL
726,935,781,932,782,951,727,954
 Jumper
690,937,725,937,725,956,690,956
 MTL
166,941,202,941,202,967,166,967
 J5
718,997,790,990,792,1009,720,1016
 10424451-2
690,999,720,999,720,1014,690,1014
 P/N
573,1025,613,1025,613,1042,573,1042
 WATE
903,1147,935,1147,935,1162,903,1162
 (24")
862,1149,903,1149,903,1164,862,1164
 Cable
783,1155,819,1155,819,1170,783,1170
 Rack
716,1156,783,1156,783,1173,716,1173
 EXPRESS
