# x y z roll pitch yaw
10.117551803588867 -3.126357078552246 4.45230770111084 0 0 90

# 11.921994 -3.201995 3.923862 0.0 40 0.0
# 11.921994 -4.200116 3.923862 0.0 40 0.0
# 11.921994 -5.182941 3.923862 0.0 40 0.0
# 11.921994 -6.196085 3.923862 0.0 40 0.0
# 11.921994 -7.197721 3.923862 0.0 40 0.0
# 11.921994 -8.174384 3.923862 0.0 40 0.0
# 11.971072 -9.193897 3.963823 0.0 40 0.0

# 9.942000 -8.189623 3.910500 0.0 40 180.0
# 9.942000 -7.145759 3.910500 0.0 40 180.0
# 9.942000 -6.190303 3.910500 0.0 40 180.0
# 9.942000 -5.215301 3.910500 0.0 40 180.0
# 9.942000 -4.210000 3.910500 0.0 40 180.0
# 9.942000 -3.243441 3.910500 0.0 40 180.0

