10.90 -9.00 4.88 0.00 -90.00 0.00
10.86 -9.00 4.95 0.00 -60.00 0.00
10.89 -9.08 4.95 0.00 -60.00 36.00
10.96 -9.14 4.95 0.00 -60.00 72.00
11.04 -9.14 4.95 0.00 -60.00 108.00
11.11 -9.08 4.95 0.00 -60.00 144.00
11.14 -9.00 4.95 0.00 -60.00 180.00
11.12 -8.92 4.95 0.00 -60.00 -144.01
11.04 -8.86 4.95 0.00 -60.00 -108.01
10.96 -8.86 4.95 0.00 -60.00 -72.01
10.89 -8.92 4.95 0.00 -60.00 -36.01
10.85 -9.00 5.02 0.00 -30.00 0.00
10.88 -9.09 5.02 0.00 -30.00 36.00
10.95 -9.14 5.02 0.00 -30.00 72.00
11.05 -9.14 5.02 0.00 -30.00 108.00
11.12 -9.09 5.02 0.00 -30.00 144.00
11.15 -9.00 5.02 0.00 -30.00 180.00
11.12 -8.91 5.02 0.00 -30.00 -144.01
11.05 -8.86 5.02 0.00 -30.00 -108.01
10.95 -8.86 5.02 0.00 -30.00 -72.01
10.88 -8.91 5.02 0.00 -30.00 -36.01
10.88 -9.00 5.10 0.00 0.00 0.00
10.90 -9.07 5.10 0.00 0.00 36.00
10.96 -9.11 5.10 0.00 0.00 72.00
11.04 -9.11 5.10 0.00 0.00 108.00
11.10 -9.07 5.10 0.00 0.00 144.00
11.12 -9.00 5.10 0.00 0.00 180.00
11.10 -8.93 5.10 0.00 -0.00 -144.01
11.04 -8.89 5.10 0.00 0.00 -108.01
10.96 -8.89 5.10 0.00 0.00 -72.01
10.90 -8.93 5.10 0.00 0.00 -36.01
10.95 -9.00 5.14 0.00 30.00 0.00
10.96 -9.03 5.14 0.00 30.00 36.00
10.98 -9.05 5.14 0.00 30.00 72.00
11.02 -9.05 5.14 0.00 30.00 108.00
11.04 -9.03 5.14 0.00 30.00 144.00
11.05 -9.00 5.14 0.00 30.00 180.00
11.04 -8.97 5.14 0.00 30.00 -144.01
11.02 -8.95 5.14 0.00 30.00 -108.01
10.98 -8.95 5.14 0.00 30.00 -72.01
10.96 -8.97 5.14 0.00 30.00 -36.01
11.02 -9.00 5.15 0.00 60.00 0.00
11.02 -8.99 5.15 0.00 60.00 36.00
11.01 -8.98 5.15 0.00 60.00 72.00
10.99 -8.98 5.15 0.00 60.00 108.00
10.98 -8.99 5.15 0.00 60.00 144.00
10.98 -9.00 5.15 0.00 60.00 180.00
10.98 -9.01 5.15 0.00 60.00 -144.01
10.99 -9.02 5.15 0.00 60.00 -108.01
11.01 -9.02 5.15 0.00 60.00 -72.01
11.02 -9.01 5.15 0.00 60.00 -36.01
11.10 -9.00 5.12 0.00 90.00 0.00
