11.16 -8.97 5.45 130.89 -48.59 -139.11
11.16 -8.99 5.44 160.58 -58.53 -163.26
11.16 -9.01 5.44 -160.58 -58.53 163.26
11.16 -9.03 5.45 -130.89 -48.59 139.11
11.13 -8.95 5.40 106.74 -58.53 -109.42
11.13 -8.98 5.39 134.56 -75.90 -135.44
11.13 -9.02 5.39 -134.56 -75.90 135.44
11.13 -9.06 5.40 -106.74 -58.53 109.42
11.08 -8.93 5.37 73.26 -58.53 -70.57
11.08 -8.98 5.35 45.43 -75.89 -44.56
11.08 -9.03 5.35 -45.43 -75.89 44.56
11.08 -9.08 5.37 -73.26 -58.53 70.57
11.03 -8.92 5.35 49.11 -48.59 -40.89
11.03 -8.97 5.33 19.42 -58.53 -16.74
11.03 -9.03 5.34 -19.42 -58.53 16.74
11.03 -9.09 5.36 -49.11 -48.59 40.89
