10.711727 -10.195383 4.078557 -180.000000 -60.845973 0.000000
10.467090 -10.195383 4.078557 0.000000 -87.879121 180.000000
10.354561 -10.302713 4.313487 0.000000 -88.636926 180.000000
10.354263 -10.078550 4.313647 0.000000 -79.500869 180.000000
10.354263 -10.078550 4.313647 -180.000000 -83.344353 0.000000
10.382643 -10.195383 4.240823 -180.000000 -71.311979 0.000000
10.382643 -10.195383 4.240823 -0.000000 10.043821 164.654770
10.642981 -10.078550 4.196521 -0.000000 25.796896 180.000000
10.790432 -9.508556 4.682607 -0.000000 25.796896 180.000000
10.790432 -9.508556 4.682607 0.000000 44.124098 -167.450522
11.021306 -9.689515 4.300001 0.000000 44.816705 180.000000
11.043173 -9.689515 4.316202 0.000000 -11.544971 180.000000
11.019643 -9.689515 4.171289 0.000000 0.000000 180.000000
11.359523 -9.882355 4.073567 -0.000000 44.680377 174.414683
11.034848 -10.078550 4.162507 -0.000000 37.123732 180.000000
11.019643 -10.078550 4.171289 0.000000 0.000000 180.000000
11.058085 -10.078550 4.164796 0.000000 -18.238452 180.000000
11.483357 -10.294171 4.330006 0.000000 -44.816721 180.000000
11.511439 -10.302713 4.313487 -180.000000 -88.636926 0.000000
11.444188 -10.195383 4.154343 -0.000000 -75.244968 180.000000
11.483357 -10.078550 4.347194 0.000000 -84.179885 180.000000
11.314369 -9.508556 4.859063 -90.000000 -81.026783 -90.000000
10.933000 -9.508556 4.859063 -180.000000 -89.999999 0.000000
10.933000 -9.508556 4.859063 -90.000000 -63.555305 -90.000000
10.551631 -9.508556 4.859063 -90.000000 -81.026783 -90.000000
10.739543 -9.508556 5.144007 -180.000000 -79.500869 0.000000
10.739543 -9.508556 5.144007 -0.000000 -39.130582 -144.963474
10.739543 -9.508556 5.144007 0.000000 -44.124113 -167.450519
11.019643 -9.508556 4.938915 0.000000 -27.474417 180.000000
11.019643 -9.508556 4.938915 0.000000 0.000000 -171.026783
11.019643 -9.508556 4.938915 0.000000 0.000000 -153.555305
11.019643 -9.508556 5.322728 0.000000 0.000000 -153.555305
11.019643 -9.508556 5.322728 0.000000 0.000000 -140.075766
11.019643 -9.508556 5.322728 0.000000 0.000000 180.000000
11.019643 -9.508556 5.496063 0.000000 -10.282527 -171.026783
11.019643 -9.508556 5.496063 -0.000000 -9.338474 -153.555305
11.019643 -9.508556 5.496063 0.000000 -8.017395 -140.075766
11.009376 -8.994219 5.496063 0.000000 -18.264966 -90.018700
11.334415 -8.871556 5.496063 0.000000 -10.459220 -90.000000
11.483357 -8.994219 5.523588 0.000000 -21.331989 -90.018700
11.483357 -8.994219 5.523588 0.000000 0.000000 -87.328874
11.414698 -8.871556 5.145637 0.000000 0.000000 -90.000000
11.334415 -8.871556 4.904788 0.000000 0.000000 -90.000000
11.093566 -8.871556 4.824505 0.000000 0.000000 -90.000000
11.093566 -8.871556 5.145637 0.000000 0.000000 -90.000000
11.093566 -8.871556 5.466769 0.000000 0.000000 -90.000000
10.772434 -8.871556 5.466769 0.000000 0.000000 -90.000000
10.772434 -8.871556 5.145637 0.000000 0.000000 -90.000000
10.529076 -8.871556 4.811961 0.000000 0.000000 -90.000000
10.451302 -8.871556 5.145637 0.000000 0.000000 -90.000000
10.531585 -8.871556 5.496063 0.000000 -8.506975 -90.000000
10.382643 -8.994220 5.523194 0.000000 0.000000 -92.663468
10.382643 -8.994220 5.523194 -0.000000 -18.600863 -90.018700
10.705126 -8.994219 5.496063 0.000000 -21.327682 -90.018700
10.846357 -9.508556 5.496063 0.000000 -8.017395 -39.924234
10.846357 -9.508556 5.496063 -0.000000 -9.338474 -26.444695
10.846357 -9.508556 5.496063 0.000000 -10.407163 0.000000
10.846357 -9.508556 5.322728 0.000000 0.000000 -8.973217
10.846357 -9.508556 5.322728 0.000000 0.000000 -26.444695
10.846357 -9.508556 5.322728 0.000000 0.000000 -39.924234
11.126457 -9.508556 5.144007 0.000000 -39.130582 -35.036526
11.126457 -9.508556 5.144007 0.000000 -44.124113 -12.549481
11.126457 -9.508556 5.144007 0.000000 0.000000 -15.345230
10.846357 -9.508556 4.938915 0.000000 0.000000 -26.444695
10.846357 -9.508556 4.938915 0.000000 0.000000 0.000000
11.075568 -9.508556 4.682607 0.000000 44.816705 0.000000
11.091903 -9.508556 4.715557 -0.000000 89.999999 0.000000
10.774097 -9.508556 4.715557 -90.000000 80.418652 -90.000000
10.774097 -9.508556 4.715557 0.000000 76.154848 0.000000
10.343347 -9.702004 4.473636 -0.000000 89.999999 0.000000
10.382643 -10.088263 4.335479 0.000000 84.507658 0.000000
10.618264 -10.088263 4.201841 0.000000 76.154848 0.000000
10.831152 -10.078550 4.162507 0.000000 30.195832 0.000000
10.846357 -10.078550 4.171289 0.000000 0.000000 0.000000
10.807915 -10.078550 4.164796 0.000000 -18.238461 0.000000
10.822827 -9.689515 4.316202 0.000000 -18.238461 0.000000
10.846357 -9.689515 4.171289 0.000000 0.000000 0.000000
10.844694 -9.689515 4.300000 0.000000 30.195832 0.000000
11.223018 -10.078550 4.196521 0.000000 25.796820 0.000000
11.223018 -10.078550 4.196521 -0.000000 44.124098 -12.549478
11.247735 -10.088263 4.201841 -90.000000 80.418652 -90.000000
11.247735 -10.088263 4.201841 180.000000 76.154950 180.000000
11.531681 -10.088263 4.324313 180.000000 80.820215 180.000000
11.522653 -9.702004 4.473635 180.000000 80.820215 180.000000
